YEAR,COMPETITION,COMPETITOR,WIN_TYPE,SUBMISSION_TYPE,WEIGHT,GENDER,STAGE
2014,2014 World Jiu-Jitsu IBJJF Championship,Marcus Almeida “Buchecha”,Points,N/A,Absolute Division,Male,Final
2014,2014 World Jiu-Jitsu IBJJF Championship,Rodolfo Vieira,Loss,N/A,Absolute Division,Male,Final
2014,2014 World Jiu-Jitsu IBJJF Championship,Marcus Almeida “Buchecha”,Submission,Choke From The Back,Ultra Heavyweight,Male,Final
2014,2014 World Jiu-Jitsu IBJJF Championship,Alexander Trans,Loss,N/A,Ultra Heavyweight,Male,Final
2014,2014 World Jiu-Jitsu IBJJF Championship,Rodolfo Vieira,Submission,Armbar,Super Heavyweight,Male,Final
2014,2014 World Jiu-Jitsu IBJJF Championship,Bernardo Faria,Loss,N/A,Super Heavyweight,Male,Final
2014,2014 World Jiu-Jitsu IBJJF Championship,Felipe Pena,Points,N/A,Heavyweight,Male,Final
2014,2014 World Jiu-Jitsu IBJJF Championship,Andre Galvao,Loss,N/A,Heavyweight,Male,Final
2014,2014 World Jiu-Jitsu IBJJF Championship,Leandro Lo,Points,N/A,Middleweight,Male,Final
2014,2014 World Jiu-Jitsu IBJJF Championship,Otavio Sousa,Loss,N/A,Middleweight,Male,Final
2014,2014 World Jiu-Jitsu IBJJF Championship,Lucas Lepri,Points,N/A,Lightweight,Male,Final
2014,2014 World Jiu-Jitsu IBJJF Championship,Jonathan “JT” Torres,Loss,N/A,Lightweight,Male,Final
2014,2014 World Jiu-Jitsu IBJJF Championship,Rafael Mendes,Points,N/A,Featherweight,Male,Final
2014,2014 World Jiu-Jitsu IBJJF Championship,Rubens Charles,Loss,N/A,Featherweight,Male,Final
2014,2014 World Jiu-Jitsu IBJJF Championship,Guilherme Mendes,Advantage,N/A,Light Featherweight,Male,Final
2014,2014 World Jiu-Jitsu IBJJF Championship,Paulo Miyao,Loss,N/A,Light Featherweight,Male,Final
2014,2014 World Jiu-Jitsu IBJJF Championship,Bruno Malfacine,Decision,N/A,Rooster Weight,Male,Final
2014,2014 World Jiu-Jitsu IBJJF Championship,Joao Miyao,Loss,N/A,Rooster Weight,Male,Final
2014,2014 World Jiu-Jitsu IBJJF Championship,Marcus Almeida “Buchecha”,Points,N/A,Absolute Division,Male,Semi-Finals
2014,2014 World Jiu-Jitsu IBJJF Championship,Keenan Cornelius,Loss,N/A,Absolute Division,Male,Semi-Finals
2014,2014 World Jiu-Jitsu IBJJF Championship,Rodolfo Vieira,Submission,Wrist Lock,Absolute Division,Male,Semi-Finals
2014,2014 World Jiu-Jitsu IBJJF Championship,Bernardo Faria,Loss,N/A,Absolute Division,Male,Semi-Finals
2014,2014 World Jiu-Jitsu IBJJF Championship,Marcus Almeida “Buchecha”,Submission,Choke From The Back,Ultra Heavyweight,Male,Semi-Finals
2014,2014 World Jiu-Jitsu IBJJF Championship,Ricardo Evangelista,Loss,N/A,Ultra Heavyweight,Male,Semi-Finals
2014,2014 World Jiu-Jitsu IBJJF Championship,Rodolfo Vieira,Submission,Katagatame,Super Heavyweight,Male,Semi-Finals
2014,2014 World Jiu-Jitsu IBJJF Championship,Leonardo Nogueira,Loss,N/A,Super Heavyweight,Male,Semi-Finals
2014,2014 World Jiu-Jitsu IBJJF Championship,Bernardo Faria,Points,N/A,Super Heavyweight,Male,Semi-Finals
2014,2014 World Jiu-Jitsu IBJJF Championship,Yuri Simões,Loss,N/A,Super Heavyweight,Male,Semi-Finals
2014,2014 World Jiu-Jitsu IBJJF Championship,Andre Galvao,Points,N/A,Heavyweight,Male,Semi-Finals
2014,2014 World Jiu-Jitsu IBJJF Championship,Rafael Lovato Jr.,Loss,N/A,Heavyweight,Male,Semi-Finals
2014,2014 World Jiu-Jitsu IBJJF Championship,Felipe Pena,Submission,Choke From The Back,Heavyweight,Male,Semi-Finals
2014,2014 World Jiu-Jitsu IBJJF Championship,Demetrius Sousa,Loss,N/A,Heavyweight,Male,Semi-Finals
2014,2014 World Jiu-Jitsu IBJJF Championship,Romulo Barral,Win,N/A,Medium Heavyweight,Male,Semi-Finals
2014,2014 World Jiu-Jitsu IBJJF Championship,Gustavo Gusto Campos,Loss,N/A,Medium Heavyweight,Male,Semi-Finals
2014,2014 World Jiu-Jitsu IBJJF Championship,Braulio Estima,Points,N/A,Medium Heavyweight,Male,Semi-Finals
2014,2014 World Jiu-Jitsu IBJJF Championship,Murilo Santana,Loss,N/A,Medium Heavyweight,Male,Semi-Finals
2014,2014 World Jiu-Jitsu IBJJF Championship,Otavio Sousa,Submission,Armbar,Middleweight,Male,Semi-Finals
2014,2014 World Jiu-Jitsu IBJJF Championship,Alan Finfou Nascimento,Loss,N/A,Middleweight,Male,Semi-Finals
2014,2014 World Jiu-Jitsu IBJJF Championship,Leandro Lo,Points,N/A,Middleweight,Male,Semi-Finals
2014,2014 World Jiu-Jitsu IBJJF Championship,Victor Estima,Loss,N/A,Middleweight,Male,Semi-Finals
2014,2014 World Jiu-Jitsu IBJJF Championship,Jonathan “JT” Torres,Advantage,N/A,Lightweight,Male,Semi-Finals
2014,2014 World Jiu-Jitsu IBJJF Championship,Michael Langhi,Loss,N/A,Lightweight,Male,Semi-Finals
2014,2014 World Jiu-Jitsu IBJJF Championship,Lucas Lepri,Points,N/A,Lightweight,Male,Semi-Finals
2014,2014 World Jiu-Jitsu IBJJF Championship,Roberto Satoshi,Loss,N/A,Lightweight,Male,Semi-Finals
2014,2014 World Jiu-Jitsu IBJJF Championship,Rubens Charles,Points,N/A,Featherweight,Male,Semi-Finals
2014,2014 World Jiu-Jitsu IBJJF Championship,Isaque Paiva,Loss,N/A,Featherweight,Male,Semi-Finals
2014,2014 World Jiu-Jitsu IBJJF Championship,Rafael Mendes,Submission,Choke From The Back,Featherweight,Male,Semi-Finals
2014,2014 World Jiu-Jitsu IBJJF Championship,Mario Reis,Loss,N/A,Featherweight,Male,Semi-Finals
2014,2014 World Jiu-Jitsu IBJJF Championship,Guilherme Mendes,Points,N/A,Light Featherweight,Male,Semi-Finals
2014,2014 World Jiu-Jitsu IBJJF Championship,Carlos Esquisito,Loss,N/A,Light Featherweight,Male,Semi-Finals
2014,2014 World Jiu-Jitsu IBJJF Championship,Paulo Miyao,Points,N/A,Light Featherweight,Male,Semi-Finals
2014,2014 World Jiu-Jitsu IBJJF Championship,Gabriel Moraes,Loss,N/A,Light Featherweight,Male,Semi-Finals
2014,2014 World Jiu-Jitsu IBJJF Championship,Bruno Malfacine,Win,N/A,Rooster Weight,Male,Semi-Finals
2014,2014 World Jiu-Jitsu IBJJF Championship,Jorge Elias,Loss,N/A,Rooster Weight,Male,Semi-Finals
2014,2014 World Jiu-Jitsu IBJJF Championship,Joao Miyao,Points,N/A,Rooster Weight,Male,Semi-Finals
2014,2014 World Jiu-Jitsu IBJJF Championship,Ivaniel Oliveira,Loss,N/A,Rooster Weight,Male,Semi-Finals
2014,2014 World Jiu-Jitsu IBJJF Championship,Bernardo Faria,Points,N/A,Absolute Division,Male,Quarter-Finals
2014,2014 World Jiu-Jitsu IBJJF Championship,Braulio Estima,Loss,N/A,Absolute Division,Male,Quarter-Finals
2014,2014 World Jiu-Jitsu IBJJF Championship,Marcus Almeida “Buchecha”,Submission,Footlock,Absolute Division,Male,Quarter-Finals
2014,2014 World Jiu-Jitsu IBJJF Championship,Felipe Pena,Loss,N/A,Absolute Division,Male,Quarter-Finals
2014,2014 World Jiu-Jitsu IBJJF Championship,Rodolfo Vieira,Submission,Choke,Absolute Division,Male,Quarter-Finals
2014,2014 World Jiu-Jitsu IBJJF Championship,Alexander Trans,Loss,N/A,Absolute Division,Male,Quarter-Finals
2014,2014 World Jiu-Jitsu IBJJF Championship,Keenan Cornelius,Submission,Triangle,Absolute Division,Male,Quarter-Finals
2014,2014 World Jiu-Jitsu IBJJF Championship,Leonardo Nogueira,Loss,N/A,Absolute Division,Male,Quarter-Finals
2014,2014 World Jiu-Jitsu IBJJF Championship,Alexander Trans,Points,N/A,Ultra Heavyweight,Male,Quarter-Finals
2014,2014 World Jiu-Jitsu IBJJF Championship,Abraham Marte,Loss,N/A,Ultra Heavyweight,Male,Quarter-Finals
2014,2014 World Jiu-Jitsu IBJJF Championship,Marcus Almeida “Buchecha”,Submission,Armbar,Ultra Heavyweight,Male,Quarter-Finals
2014,2014 World Jiu-Jitsu IBJJF Championship,Helton Nogueira,Loss,N/A,Ultra Heavyweight,Male,Quarter-Finals
2014,2014 World Jiu-Jitsu IBJJF Championship,Ricardo Evangelista,Points,N/A,Ultra Heavyweight,Male,Quarter-Finals
2014,2014 World Jiu-Jitsu IBJJF Championship,Mario Barbosa,Loss,N/A,Ultra Heavyweight,Male,Quarter-Finals
2014,2014 World Jiu-Jitsu IBJJF Championship,Yuri Simões,Points,N/A,Super Heavyweight,Male,Quarter-Finals
2014,2014 World Jiu-Jitsu IBJJF Championship,Gustavo Pires,Loss,N/A,Super Heavyweight,Male,Quarter-Finals
2014,2014 World Jiu-Jitsu IBJJF Championship,Rodolfo Vieira,Submission,Choke From The Back,Super Heavyweight,Male,Quarter-Finals
2014,2014 World Jiu-Jitsu IBJJF Championship,James Puopolo,Loss,N/A,Super Heavyweight,Male,Quarter-Finals
2014,2014 World Jiu-Jitsu IBJJF Championship,Leonardo Nogueira,Points,N/A,Super Heavyweight,Male,Quarter-Finals
2014,2014 World Jiu-Jitsu IBJJF Championship,Tarcisio Jardim,Loss,N/A,Super Heavyweight,Male,Quarter-Finals
2014,2014 World Jiu-Jitsu IBJJF Championship,Thiago Gaia,Decision,N/A,Super Heavyweight,Male,Quarter-Finals
2014,2014 World Jiu-Jitsu IBJJF Championship,Rodrigo Cavaca,Loss,N/A,Super Heavyweight,Male,Quarter-Finals
2014,2014 World Jiu-Jitsu IBJJF Championship,Bernardo Faria,Submission,Choke From The Back,Super Heavyweight,Male,Quarter-Finals
2014,2014 World Jiu-Jitsu IBJJF Championship,Igor Silva,Loss,N/A,Super Heavyweight,Male,Quarter-Finals
2014,2014 World Jiu-Jitsu IBJJF Championship,Tammi Musumeci,Submission,Choke,Featherweight,Female,Semi-Finals
2014,2014 World Jiu-Jitsu IBJJF Championship,Mackenzie Dern,Loss,N/A,Featherweight,Female,Semi-Finals
2014,2014 World Jiu-Jitsu IBJJF Championship,Mackenzie Dern,Points,N/A,Featherweight,Female,Quarter-Finals
2014,2014 World Jiu-Jitsu IBJJF Championship,Ariadne Oliveira,Loss,N/A,Featherweight,Female,Quarter-Finals
2014,2014 Pan Jiu-Jitsu IBJJF Championship,Andre Galvao,Advantage,N/A,Absolute Division,Male,Final
2014,2014 Pan Jiu-Jitsu IBJJF Championship,Leandro Lo,Loss,N/A,Absolute Division,Male,Final
2014,2014 Pan Jiu-Jitsu IBJJF Championship,Andre Galvao,Advantage,N/A,Ultra Heavyweight,Male,Final
2014,2014 Pan Jiu-Jitsu IBJJF Championship,Alexander Trans,Loss,N/A,Ultra Heavyweight,Male,Final
2014,2014 Pan Jiu-Jitsu IBJJF Championship,Luiz Panza,Submission,Armbar,Super Heavyweight,Male,Final
2014,2014 Pan Jiu-Jitsu IBJJF Championship,Bernardo Faria,Loss,N/A,Super Heavyweight,Male,Final
2014,2014 Pan Jiu-Jitsu IBJJF Championship,Leandro Lo,Advantage,N/A,Middleweight,Male,Final
2014,2014 Pan Jiu-Jitsu IBJJF Championship,Otavio Sousa,Loss,N/A,Middleweight,Male,Final
2014,2014 Pan Jiu-Jitsu IBJJF Championship,Joao Pedro Somalia,Penalty,N/A,Rooster Weight,Male,Final
2014,2014 Pan Jiu-Jitsu IBJJF Championship,Milton Bastos,Loss,N/A,Rooster Weight,Male,Final
2014,2014 Pan Jiu-Jitsu IBJJF Championship,Andre Galvao,Points,N/A,Absolute Division,Male,Semi-Finals
2014,2014 Pan Jiu-Jitsu IBJJF Championship,Felipe Pena,Loss,N/A,Absolute Division,Male,Semi-Finals
2014,2014 Pan Jiu-Jitsu IBJJF Championship,Leandro Lo,Points,N/A,Absolute Division,Male,Semi-Finals
2014,2014 Pan Jiu-Jitsu IBJJF Championship,Alexander Trans,Loss,N/A,Absolute Division,Male,Semi-Finals
2014,2014 Pan Jiu-Jitsu IBJJF Championship,Alexander Trans,Submission,Choke From The Back,Ultra Heavyweight,Male,Semi-Finals
2014,2014 Pan Jiu-Jitsu IBJJF Championship,Leonardo Henrique D’Avila,Loss,N/A,Ultra Heavyweight,Male,Semi-Finals
2014,2014 Pan Jiu-Jitsu IBJJF Championship,Andre Galvao,Submission,Choke From The Back,Ultra Heavyweight,Male,Semi-Finals
2014,2014 Pan Jiu-Jitsu IBJJF Championship,Abraham Marte,Loss,N/A,Ultra Heavyweight,Male,Semi-Finals
2014,2014 Pan Jiu-Jitsu IBJJF Championship,Luiz Panza,Points,N/A,Super Heavyweight,Male,Semi-Finals
2014,2014 Pan Jiu-Jitsu IBJJF Championship,Tarcisio Jardim,Loss,N/A,Super Heavyweight,Male,Semi-Finals
2014,2014 Pan Jiu-Jitsu IBJJF Championship,Bernardo Faria,Win,N/A,Super Heavyweight,Male,Semi-Finals
2014,2014 Pan Jiu-Jitsu IBJJF Championship,Andre Campos,Loss,N/A,Super Heavyweight,Male,Semi-Finals
2014,2014 Pan Jiu-Jitsu IBJJF Championship,Yuri Simões,Advantage,N/A,Heavyweight,Male,Semi-Finals
2014,2014 Pan Jiu-Jitsu IBJJF Championship,Rafael Lovato Jr.,Loss,N/A,Heavyweight,Male,Semi-Finals
2014,2014 Pan Jiu-Jitsu IBJJF Championship,Lucas Leite,Submission,Choke From The Back,Heavyweight,Male,Semi-Finals
2014,2014 Pan Jiu-Jitsu IBJJF Championship,Roberto Tussa Alencar,Loss,N/A,Heavyweight,Male,Semi-Finals
2014,2014 Pan Jiu-Jitsu IBJJF Championship,Gustavo Gusto Campos,Advantage,N/A,Medium Heavyweight,Male,Semi-Finals
2014,2014 Pan Jiu-Jitsu IBJJF Championship,Renato Cardoso,Loss,N/A,Medium Heavyweight,Male,Semi-Finals
2014,2014 Pan Jiu-Jitsu IBJJF Championship,Keenan Cornelius,Submission,Triangle Arm Bar,Medium Heavyweight,Male,Semi-Finals
2014,2014 Pan Jiu-Jitsu IBJJF Championship,Rodrigo Fajardo,Loss,N/A,Medium Heavyweight,Male,Semi-Finals
2014,2014 Pan Jiu-Jitsu IBJJF Championship,Leandro Lo,Points,N/A,Middleweight,Male,Semi-Finals
2014,2014 Pan Jiu-Jitsu IBJJF Championship,Victor Estima,Loss,N/A,Middleweight,Male,Semi-Finals
2014,2014 Pan Jiu-Jitsu IBJJF Championship,Michael Langhi,Submission,Omoplata,Lightweight,Male,Semi-Finals
2014,2014 Pan Jiu-Jitsu IBJJF Championship,Phillipe Monica,Loss,N/A,Lightweight,Male,Semi-Finals
2014,2014 Pan Jiu-Jitsu IBJJF Championship,Lucas Lepri,Advantage,N/A,Lightweight,Male,Semi-Finals
2014,2014 Pan Jiu-Jitsu IBJJF Championship,Jonathan “JT” Torres,Loss,N/A,Lightweight,Male,Semi-Finals
2014,2014 Pan Jiu-Jitsu IBJJF Championship,Gianni Grippo,Points,N/A,Featherweight,Male,Semi-Finals
2014,2014 Pan Jiu-Jitsu IBJJF Championship,Samir Chantre,Loss,N/A,Featherweight,Male,Semi-Finals
2014,2014 Pan Jiu-Jitsu IBJJF Championship,Mario Reis,Points,N/A,Featherweight,Male,Semi-Finals
2014,2014 Pan Jiu-Jitsu IBJJF Championship,Osvaldo Queixinho Moizinho,Loss,N/A,Featherweight,Male,Semi-Finals
2014,2014 Pan Jiu-Jitsu IBJJF Championship,Paulo Miyao,Submission,Choke From The Back,Light Featherweight,Male,Semi-Finals
2014,2014 Pan Jiu-Jitsu IBJJF Championship,Vitor Paschoal,Loss,N/A,Light Featherweight,Male,Semi-Finals
2014,2014 Pan Jiu-Jitsu IBJJF Championship,Joao Miyao,Submission,Choke From The Back,Light Featherweight,Male,Semi-Finals
2014,2014 Pan Jiu-Jitsu IBJJF Championship,Rafael Barata Freitas,Loss,N/A,Light Featherweight,Male,Semi-Finals
2014,2014 Pan Jiu-Jitsu IBJJF Championship,Joao Pedro Somalia,Submission,Choke From The Back,Rooster Weight,Male,Semi-Finals
2014,2014 Pan Jiu-Jitsu IBJJF Championship,Koji Shibamoto,Loss,N/A,Rooster Weight,Male,Semi-Finals
2014,2014 Pan Jiu-Jitsu IBJJF Championship,Andre Galvao,Points,N/A,Absolute Division,Male,Quarter-Finals
2014,2014 Pan Jiu-Jitsu IBJJF Championship,Murilo Santana,Loss,N/A,Absolute Division,Male,Quarter-Finals
2014,2014 Pan Jiu-Jitsu IBJJF Championship,Alexander Trans,Points,N/A,Absolute Division,Male,Quarter-Finals
2014,2014 Pan Jiu-Jitsu IBJJF Championship,Keenan Cornelius,Loss,N/A,Absolute Division,Male,Quarter-Finals
2014,2014 Pan Jiu-Jitsu IBJJF Championship,Leandro Lo,Points,N/A,Absolute Division,Male,Quarter-Finals
2014,2014 Pan Jiu-Jitsu IBJJF Championship,Victor Estima,Loss,N/A,Absolute Division,Male,Quarter-Finals
2014,2014 Pan Jiu-Jitsu IBJJF Championship,Felipe Pena,Points,N/A,Absolute Division,Male,Quarter-Finals
2014,2014 Pan Jiu-Jitsu IBJJF Championship,Diego Herzog,Loss,N/A,Absolute Division,Male,Quarter-Finals
2014,2014 Pan Jiu-Jitsu IBJJF Championship,Andre Galvao,Submission,Armbar,Ultra Heavyweight,Male,Quarter-Finals
2014,2014 Pan Jiu-Jitsu IBJJF Championship,Gabriel Lucas,Loss,N/A,Ultra Heavyweight,Male,Quarter-Finals
2014,2014 Pan Jiu-Jitsu IBJJF Championship,Alexander Trans,Submission,Choke From The Back,Ultra Heavyweight,Male,Quarter-Finals
2014,2014 Pan Jiu-Jitsu IBJJF Championship,Raphael Goulart,Loss,N/A,Ultra Heavyweight,Male,Quarter-Finals
2014,2014 Pan Jiu-Jitsu IBJJF Championship,Tarcisio Jardim,Win,N/A,Super Heavyweight,Male,Quarter-Finals
2014,2014 Pan Jiu-Jitsu IBJJF Championship,Tiago Giussani,Loss,N/A,Super Heavyweight,Male,Quarter-Finals
2014,2014 Pan Jiu-Jitsu IBJJF Championship,Bernardo Faria,Submission,Choke From The Back,Super Heavyweight,Male,Quarter-Finals
2014,2014 Pan Jiu-Jitsu IBJJF Championship,Bernardo Siqueira,Loss,N/A,Super Heavyweight,Male,Quarter-Finals
2014,2014 Pan Jiu-Jitsu IBJJF Championship,Luiz Panza,Points,N/A,Super Heavyweight,Male,Quarter-Finals
2014,2014 Pan Jiu-Jitsu IBJJF Championship,Tiago Declavo,Loss,N/A,Super Heavyweight,Male,Quarter-Finals
2014,2014 Pan Jiu-Jitsu IBJJF Championship,Yuri Simões,Advantage,N/A,Heavyweight,Male,Quarter-Finals
2014,2014 Pan Jiu-Jitsu IBJJF Championship,Jackson Sousa,Loss,N/A,Heavyweight,Male,Quarter-Finals
2014,2014 Pan Jiu-Jitsu IBJJF Championship,Roberto Tussa Alencar,Points,N/A,Heavyweight,Male,Quarter-Finals
2014,2014 Pan Jiu-Jitsu IBJJF Championship,Fabiano Leite,Loss,N/A,Heavyweight,Male,Quarter-Finals
2014,2014 Pan Jiu-Jitsu IBJJF Championship,Lucas Leite,Submission,Choke From The Back,Heavyweight,Male,Quarter-Finals
2014,2014 Pan Jiu-Jitsu IBJJF Championship,John Salter,Loss,N/A,Heavyweight,Male,Quarter-Finals
2014,2014 Pan Jiu-Jitsu IBJJF Championship,Renato Cardoso,Points,N/A,Medium Heavyweight,Male,Quarter-Finals
2014,2014 Pan Jiu-Jitsu IBJJF Championship,Vitor Toledo,Loss,N/A,Medium Heavyweight,Male,Quarter-Finals
2014,2014 Pan Jiu-Jitsu IBJJF Championship,Gustavo Gusto Campos,Advantage,N/A,Medium Heavyweight,Male,Quarter-Finals
2014,2014 Pan Jiu-Jitsu IBJJF Championship,Diego Herzog,Loss,N/A,Medium Heavyweight,Male,Quarter-Finals
2014,2014 Pan Jiu-Jitsu IBJJF Championship,Keenan Cornelius,Points,N/A,Medium Heavyweight,Male,Quarter-Finals
2014,2014 Pan Jiu-Jitsu IBJJF Championship,Murilo Santana,Loss,N/A,Medium Heavyweight,Male,Quarter-Finals
2014,2014 Pan Jiu-Jitsu IBJJF Championship,Leandro Lo,Points,N/A,Middleweight,Male,Quarter-Finals
2014,2014 Pan Jiu-Jitsu IBJJF Championship,Charles Negromonte,Loss,N/A,Middleweight,Male,Quarter-Finals
2014,2014 Pan Jiu-Jitsu IBJJF Championship,Lucas Rocha,Points,N/A,Middleweight,Male,Quarter-Finals
2014,2014 Pan Jiu-Jitsu IBJJF Championship,Clark Gracie,Loss,N/A,Middleweight,Male,Quarter-Finals
2014,2014 Pan Jiu-Jitsu IBJJF Championship,Tammi Musumeci,Advantage,N/A,Featherweight,Female,Final
2014,2014 Pan Jiu-Jitsu IBJJF Championship,Mackenzie Dern,Loss,N/A,Featherweight,Female,Final
2014,2014 Pan Jiu-Jitsu IBJJF Championship,Andresa Correa,Win,N/A,Absolute Division,Female,Semi-Finals
2014,2014 Pan Jiu-Jitsu IBJJF Championship,Mackenzie Dern,Loss,N/A,Absolute Division,Female,Semi-Finals
2014,2014 Pan Jiu-Jitsu IBJJF Championship,Mackenzie Dern,Submission,Omoplata,Featherweight,Female,Semi-Finals
2014,2014 Pan Jiu-Jitsu IBJJF Championship,Cristina Brandao,Loss,N/A,Featherweight,Female,Semi-Finals
2014,2014 Pan Jiu-Jitsu IBJJF Championship,Mackenzie Dern,Advantage,N/A,Absolute Division,Female,Quarter-Finals
2014,2014 Pan Jiu-Jitsu IBJJF Championship,Talita Nogueira,Loss,N/A,Absolute Division,Female,Quarter-Finals
2014,2014 Brazilian National Jiu-Jitsu Championship,Dimitrius Souza,Advantage,N/A,Heavyweight,Male,Final
2014,2014 Brazilian National Jiu-Jitsu Championship,Alan Regis,Loss,N/A,Heavyweight,Male,Final
2014,2014 Brazilian National Jiu-Jitsu Championship,Felipe Pena,Advantage,N/A,Medium Heavyweight,Male,Final
2014,2014 Brazilian National Jiu-Jitsu Championship,Renato Cardoso,Loss,N/A,Medium Heavyweight,Male,Final
2014,2014 Brazilian National Jiu-Jitsu Championship,Claudio Mattos,Decision,N/A,Middleweight,Male,Final
2014,2014 Brazilian National Jiu-Jitsu Championship,Diego Borges,Loss,N/A,Middleweight,Male,Final
2014,2014 Brazilian National Jiu-Jitsu Championship,Paulo Miyao,Points,N/A,Featherweight,Male,Final
2014,2014 Brazilian National Jiu-Jitsu Championship,Leo Saggioro,Loss,N/A,Featherweight,Male,Final
2014,2014 Brazilian National Jiu-Jitsu Championship,Ivaniel Oliveira,Win,N/A,Rooster Weight,Male,Final
2014,2014 Brazilian National Jiu-Jitsu Championship,João Pedro Rodrigues,Loss,N/A,Rooster Weight,Male,Final
2014,2014 Brazilian National Jiu-Jitsu Championship,Felipe Pena,Points,N/A,Absolute Division,Male,Semi-Finals
2014,2014 Brazilian National Jiu-Jitsu Championship,Lucas Lepri,Loss,N/A,Absolute Division,Male,Semi-Finals
2014,2014 Brazilian National Jiu-Jitsu Championship,Alexandre Ribeiro,Points,N/A,Absolute Division,Male,Semi-Finals
2014,2014 Brazilian National Jiu-Jitsu Championship,Renato Cardoso,Loss,N/A,Absolute Division,Male,Semi-Finals
2014,2014 Brazilian National Jiu-Jitsu Championship,Diego Borges,Points,N/A,Middleweight,Male,Semi-Finals
2014,2014 Brazilian National Jiu-Jitsu Championship,Augusto Carsalade,Loss,N/A,Middleweight,Male,Semi-Finals
2014,2014 Brazilian National Jiu-Jitsu Championship,Claudio Mattos,Decision,N/A,Middleweight,Male,Semi-Finals
2014,2014 Brazilian National Jiu-Jitsu Championship,Charles Negromonte,Loss,N/A,Middleweight,Male,Semi-Finals
2014,2014 Brazilian National Jiu-Jitsu Championship,Juan Caio Kamezawa,Advantage,N/A,Lightweight,Male,Semi-Finals
2014,2014 Brazilian National Jiu-Jitsu Championship,Sandro Vieira,Loss,N/A,Lightweight,Male,Semi-Finals
2014,2014 Brazilian National Jiu-Jitsu Championship,Lucas Lepri,Submission,Choke From The Back,Lightweight,Male,Semi-Finals
2014,2014 Brazilian National Jiu-Jitsu Championship,Pedro Fernandes,Loss,N/A,Lightweight,Male,Semi-Finals
2014,2014 Brazilian National Jiu-Jitsu Championship,Paulo Miyao,Submission,Choke From The Back,Featherweight,Male,Semi-Finals
2014,2014 Brazilian National Jiu-Jitsu Championship,David Lemes,Loss,N/A,Featherweight,Male,Semi-Finals
2014,2014 Brazilian National Jiu-Jitsu Championship,Joao Miyao,Points,N/A,Light Featherweight,Male,Semi-Finals
2014,2014 Brazilian National Jiu-Jitsu Championship,Giusley Santos,Loss,N/A,Light Featherweight,Male,Semi-Finals
2014,2014 Brazilian National Jiu-Jitsu Championship,Felipe Pena,Submission,Choke From The Back,Absolute Division,Male,Quarter-Finals
2014,2014 Brazilian National Jiu-Jitsu Championship,Ricardo Evangelista,Loss,N/A,Absolute Division,Male,Quarter-Finals
2014,2014 Brazilian National Jiu-Jitsu Championship,Alexandre Ribeiro,Submission,Cross Choke,Absolute Division,Male,Quarter-Finals
2014,2014 Brazilian National Jiu-Jitsu Championship,Alan Regis,Loss,N/A,Absolute Division,Male,Quarter-Finals
2014,2014 Brazilian National Jiu-Jitsu Championship,Lucas Lepri,Decision,N/A,Absolute Division,Male,Quarter-Finals
2014,2014 Brazilian National Jiu-Jitsu Championship,Paulo Miyao,Loss,N/A,Absolute Division,Male,Quarter-Finals
2014,2014 Brazilian National Jiu-Jitsu Championship,Alexandre Ribeiro,Points,N/A,Heavyweight,Male,Quarter-Finals
2014,2014 Brazilian National Jiu-Jitsu Championship,Ricardo Ramos,Loss,N/A,Heavyweight,Male,Quarter-Finals
2014,2014 Brazilian National Jiu-Jitsu Championship,Diego Borges,Win,N/A,Middleweight,Male,Quarter-Finals
2014,2014 Brazilian National Jiu-Jitsu Championship,Eduardo Santoro,Loss,N/A,Middleweight,Male,Quarter-Finals
2014,2014 Brazilian National Jiu-Jitsu Championship,Sandro Vieira,DQ,N/A,-76Kgs,Male,Quarter-Finals
2014,2014 Brazilian National Jiu-Jitsu Championship,AJ Agazarm,Loss,N/A,-76Kgs,Male,Quarter-Finals
2014,2014 Brazilian National Jiu-Jitsu Championship,Talita Nogueira,Win,N/A,Absolute Division,Female,Final
2014,2014 Brazilian National Jiu-Jitsu Championship,Mackenzie Dern,Loss,N/A,Absolute Division,Female,Final
2015,2015 World Jiu-Jitsu IBJJF Championship,Gabriel Lucas,Advantage,N/A,Ultra Heavyweight,Male,Final
2015,2015 World Jiu-Jitsu IBJJF Championship,Ricardo Evangelista,Loss,N/A,Ultra Heavyweight,Male,Final
2015,2015 World Jiu-Jitsu IBJJF Championship,Bernardo Faria,Points,N/A,Super Heavyweight,Male,Final
2015,2015 World Jiu-Jitsu IBJJF Championship,Joao Gabriel Rocha,Loss,N/A,Super Heavyweight,Male,Final
2015,2015 World Jiu-Jitsu IBJJF Championship,Alexandre Ribeiro,Points,N/A,Heavyweight,Male,Final
2015,2015 World Jiu-Jitsu IBJJF Championship,Lucas Leite,Loss,N/A,Heavyweight,Male,Final
2015,2015 World Jiu-Jitsu IBJJF Championship,Leandro Lo,Points,N/A,Medium Heavyweight,Male,Final
2015,2015 World Jiu-Jitsu IBJJF Championship,Tarsis Humphreys,Loss,N/A,Medium Heavyweight,Male,Final
2015,2015 World Jiu-Jitsu IBJJF Championship,Claudio Calasans,Points,N/A,Middleweight,Male,Final
2015,2015 World Jiu-Jitsu IBJJF Championship,Vitor Oliveira,Loss,N/A,Middleweight,Male,Final
2015,2015 World Jiu-Jitsu IBJJF Championship,Rafael Mendes,Points,N/A,Featherweight,Male,Final
2015,2015 World Jiu-Jitsu IBJJF Championship,Rubens Charles,Loss,N/A,Featherweight,Male,Final
2015,2015 World Jiu-Jitsu IBJJF Championship,Paulo Miyao,Submission,Choke From The Back,Light Featherweight,Male,Final
2015,2015 World Jiu-Jitsu IBJJF Championship,Daniel Beleza,Loss,N/A,Light Featherweight,Male,Final
2015,2015 World Jiu-Jitsu IBJJF Championship,Bruno Malfacine,Advantage,N/A,Rooster Weight,Male,Final
2015,2015 World Jiu-Jitsu IBJJF Championship,Joao Miyao,Loss,N/A,Rooster Weight,Male,Final
2015,2015 World Jiu-Jitsu IBJJF Championship,Bernardo Faria,Submission,Armbar,Absolute Division,Male,Semi-Finals
2015,2015 World Jiu-Jitsu IBJJF Championship,Leandro Lo,Loss,N/A,Absolute Division,Male,Semi-Finals
2015,2015 World Jiu-Jitsu IBJJF Championship,Joao Gabriel Rocha,Submission,Choke From The Back,Super Heavyweight,Male,Semi-Finals
2015,2015 World Jiu-Jitsu IBJJF Championship,Yuri Simões,Loss,N/A,Super Heavyweight,Male,Semi-Finals
2015,2015 World Jiu-Jitsu IBJJF Championship,Bernardo Faria,Win,N/A,Super Heavyweight,Male,Semi-Finals
2015,2015 World Jiu-Jitsu IBJJF Championship,Igor Silva,Loss,N/A,Super Heavyweight,Male,Semi-Finals
2015,2015 World Jiu-Jitsu IBJJF Championship,Alexandre Ribeiro,Points,N/A,Heavyweight,Male,Semi-Finals
2015,2015 World Jiu-Jitsu IBJJF Championship,Jackson Sousa,Loss,N/A,Heavyweight,Male,Semi-Finals
2015,2015 World Jiu-Jitsu IBJJF Championship,Lucas Leite,Decision,N/A,Heavyweight,Male,Semi-Finals
2015,2015 World Jiu-Jitsu IBJJF Championship,Tim Spriggs,Loss,N/A,Heavyweight,Male,Semi-Finals
2015,2015 World Jiu-Jitsu IBJJF Championship,Leandro Lo,Points,N/A,Medium Heavyweight,Male,Semi-Finals
2015,2015 World Jiu-Jitsu IBJJF Championship,Renato Cardoso,Loss,N/A,Medium Heavyweight,Male,Semi-Finals
2015,2015 World Jiu-Jitsu IBJJF Championship,Tarsis Humphreys,Points,N/A,Medium Heavyweight,Male,Semi-Finals
2015,2015 World Jiu-Jitsu IBJJF Championship,Gustavo Gusto Campos,Loss,N/A,Medium Heavyweight,Male,Semi-Finals
2015,2015 World Jiu-Jitsu IBJJF Championship,Vitor Henrique,Points,N/A,Middleweight,Male,Semi-Finals
2015,2015 World Jiu-Jitsu IBJJF Championship,Otavio Sousa,Loss,N/A,Middleweight,Male,Semi-Finals
2015,2015 World Jiu-Jitsu IBJJF Championship,Claudio Calasans,Points,N/A,Middleweight,Male,Semi-Finals
2015,2015 World Jiu-Jitsu IBJJF Championship,Victor Estima,Loss,N/A,Middleweight,Male,Semi-Finals
2015,2015 World Jiu-Jitsu IBJJF Championship,Michael Langhi,Advantage,N/A,Lightweight,Male,Semi-Finals
2015,2015 World Jiu-Jitsu IBJJF Championship,Jonathan “JT” Torres,Loss,N/A,Lightweight,Male,Semi-Finals
2015,2015 World Jiu-Jitsu IBJJF Championship,Lucas Lepri,Points,N/A,Lightweight,Male,Semi-Finals
2015,2015 World Jiu-Jitsu IBJJF Championship,Gabriel Rollo,Loss,N/A,Lightweight,Male,Semi-Finals
2015,2015 World Jiu-Jitsu IBJJF Championship,Rafael Mendes,Submission,Wrist Lock,Featherweight,Male,Semi-Finals
2015,2015 World Jiu-Jitsu IBJJF Championship,Mario Reis,Loss,N/A,Featherweight,Male,Semi-Finals
2015,2015 World Jiu-Jitsu IBJJF Championship,Paulo Miyao,Points,N/A,Light Featherweight,Male,Semi-Finals
2015,2015 World Jiu-Jitsu IBJJF Championship,Kim Terra,Loss,N/A,Light Featherweight,Male,Semi-Finals
2015,2015 World Jiu-Jitsu IBJJF Championship,Bruno Malfacine,Submission,Armbar,Rooster Weight,Male,Semi-Finals
2015,2015 World Jiu-Jitsu IBJJF Championship,Rafael Barata Freitas,Loss,N/A,Rooster Weight,Male,Semi-Finals
2015,2015 World Jiu-Jitsu IBJJF Championship,Joao Miyao,Submission,Choke From The Back,Rooster Weight,Male,Semi-Finals
2015,2015 World Jiu-Jitsu IBJJF Championship,Ivaniel Oliveira,Loss,N/A,Rooster Weight,Male,Semi-Finals
2015,2015 World Jiu-Jitsu IBJJF Championship,Bernardo Faria,Win,N/A,Absolute Division,Male,Quarter-Finals
2015,2015 World Jiu-Jitsu IBJJF Championship,Erberth Santos,Loss,N/A,Absolute Division,Male,Quarter-Finals
2015,2015 World Jiu-Jitsu IBJJF Championship,Leandro Lo,Points,N/A,Absolute Division,Male,Quarter-Finals
2015,2015 World Jiu-Jitsu IBJJF Championship,Keenan Cornelius,Loss,N/A,Absolute Division,Male,Quarter-Finals
2015,2015 World Jiu-Jitsu IBJJF Championship,Alexander Trans,Points,N/A,Ultra Heavyweight,Male,Quarter-Finals
2015,2015 World Jiu-Jitsu IBJJF Championship,Rodrigo Cavaca,Loss,N/A,Ultra Heavyweight,Male,Quarter-Finals
2015,2015 World Jiu-Jitsu IBJJF Championship,Ricardo Evangelista,Points,N/A,Ultra Heavyweight,Male,Quarter-Finals
2015,2015 World Jiu-Jitsu IBJJF Championship,Gustavo Dias Elias,Loss,N/A,Ultra Heavyweight,Male,Quarter-Finals
2015,2015 World Jiu-Jitsu IBJJF Championship,Igor Silva,Submission,Choke,Super Heavyweight,Male,Quarter-Finals
2015,2015 World Jiu-Jitsu IBJJF Championship,Roberto Tussa Alencar,Loss,N/A,Super Heavyweight,Male,Quarter-Finals
2015,2015 World Jiu-Jitsu IBJJF Championship,Bernardo Faria,Submission,Armbar,Super Heavyweight,Male,Quarter-Finals
2015,2015 World Jiu-Jitsu IBJJF Championship,Pedro Moura,Loss,N/A,Super Heavyweight,Male,Quarter-Finals
2015,2015 World Jiu-Jitsu IBJJF Championship,Joao Gabriel Rocha,Submission,Rnc,Super Heavyweight,Male,Quarter-Finals
2015,2015 World Jiu-Jitsu IBJJF Championship,Erberth Santos,Loss,N/A,Super Heavyweight,Male,Quarter-Finals
2015,2015 World Jiu-Jitsu IBJJF Championship,Yuri Simões,Points,N/A,Super Heavyweight,Male,Quarter-Finals
2015,2015 World Jiu-Jitsu IBJJF Championship,James Puopolo,Loss,N/A,Super Heavyweight,Male,Quarter-Finals
2015,2015 World Jiu-Jitsu IBJJF Championship,Alexandre Ribeiro,Points,N/A,Heavyweight,Male,Quarter-Finals
2015,2015 World Jiu-Jitsu IBJJF Championship,Dimitrius Souza,Loss,N/A,Heavyweight,Male,Quarter-Finals
2015,2015 World Jiu-Jitsu IBJJF Championship,Tim Spriggs,Points,N/A,Heavyweight,Male,Quarter-Finals
2015,2015 World Jiu-Jitsu IBJJF Championship,Keenan Cornelius,Loss,N/A,Heavyweight,Male,Quarter-Finals
2015,2015 World Jiu-Jitsu IBJJF Championship,Jackson Sousa,Advantage,N/A,Heavyweight,Male,Quarter-Finals
2015,2015 World Jiu-Jitsu IBJJF Championship,Cassio Francis,Loss,N/A,Heavyweight,Male,Quarter-Finals
2015,2015 World Jiu-Jitsu IBJJF Championship,Lucas Leite,Decision,N/A,Heavyweight,Male,Quarter-Finals
2015,2015 World Jiu-Jitsu IBJJF Championship,Eduardo Inojosa,Loss,N/A,Heavyweight,Male,Quarter-Finals
2015,2015 World Jiu-Jitsu IBJJF Championship,Leandro Lo,Points,N/A,Medium Heavyweight,Male,Quarter-Finals
2015,2015 World Jiu-Jitsu IBJJF Championship,Matheus Diniz,Loss,N/A,Medium Heavyweight,Male,Quarter-Finals
2015,2015 World Jiu-Jitsu IBJJF Championship,Gustavo Gusto Campos,Submission,Armbar,Medium Heavyweight,Male,Quarter-Finals
2015,2015 World Jiu-Jitsu IBJJF Championship,Patrick Gaudio,Loss,N/A,Medium Heavyweight,Male,Quarter-Finals
2015,2015 World Jiu-Jitsu IBJJF Championship,Renato Cardoso,Submission,Triangle,Medium Heavyweight,Male,Quarter-Finals
2015,2015 World Jiu-Jitsu IBJJF Championship,Thiago Sá Fortes Silva,Loss,N/A,Medium Heavyweight,Male,Quarter-Finals
2015,2015 World Jiu-Jitsu IBJJF Championship,Tarsis Humphreys,Points,N/A,Medium Heavyweight,Male,Quarter-Finals
2015,2015 World Jiu-Jitsu IBJJF Championship,Rodrigo Fajardo,Loss,N/A,Medium Heavyweight,Male,Quarter-Finals
2015,2015 World Jiu-Jitsu IBJJF Championship,Otavio Sousa,Advantage,N/A,Middleweight,Male,Quarter-Finals
2015,2015 World Jiu-Jitsu IBJJF Championship,Jaime Canuto,Loss,N/A,Middleweight,Male,Quarter-Finals
2015,2015 World Jiu-Jitsu IBJJF Championship,Mackenzie Dern,Submission,Choke From The Back,Featherweight,Female,Final
2015,2015 World Jiu-Jitsu IBJJF Championship,Michelle Nicolini,Loss,N/A,Featherweight,Female,Final
2015,2015 World Jiu-Jitsu IBJJF Championship,Dominyka Obelenyte,Points,N/A,Absolute Division,Female,Semi-Finals
2015,2015 World Jiu-Jitsu IBJJF Championship,Mackenzie Dern,Loss,N/A,Absolute Division,Female,Semi-Finals
2015,2015 World Jiu-Jitsu IBJJF Championship,Mackenzie Dern,Win,N/A,Featherweight,Female,Semi-Finals
2015,2015 World Jiu-Jitsu IBJJF Championship,Tammi Musumeci,Loss,N/A,Featherweight,Female,Semi-Finals
2015,2015 World Jiu-Jitsu IBJJF Championship,Mackenzie Dern,Submission,Armbar,Absolute Division,Female,Quarter-Finals
2015,2015 World Jiu-Jitsu IBJJF Championship,Ana Laura Cordeiro,Loss,N/A,Absolute Division,Female,Quarter-Finals
2015,2015 Brazilian National Jiu-Jitsu Championship,Erberth Santos,Penalty,N/A,Absolute Division,Male,Final
2015,2015 Brazilian National Jiu-Jitsu Championship,Renato Cardoso,Loss,N/A,Absolute Division,Male,Final
2015,2015 Brazilian National Jiu-Jitsu Championship,Joao Gabriel Rocha,Submission,Choke,Ultra Heavyweight,Male,Final
2015,2015 Brazilian National Jiu-Jitsu Championship,Kaue Damasceno,Loss,N/A,Ultra Heavyweight,Male,Final
2015,2015 Brazilian National Jiu-Jitsu Championship,Erberth Santos,Submission,Choke From The Back,Super Heavyweight,Male,Final
2015,2015 Brazilian National Jiu-Jitsu Championship,Rodrigo Cavaca,Loss,N/A,Super Heavyweight,Male,Final
2015,2015 Brazilian National Jiu-Jitsu Championship,Cassio Francis,Submission,Choke From The Back,Heavyweight,Male,Final
2015,2015 Brazilian National Jiu-Jitsu Championship,Eduardo Inojosa,Loss,N/A,Heavyweight,Male,Final
2015,2015 Brazilian National Jiu-Jitsu Championship,Renato Cardoso,Submission,Armbar,Medium Heavyweight,Male,Final
2015,2015 Brazilian National Jiu-Jitsu Championship,Pedro Pimenta,Loss,N/A,Medium Heavyweight,Male,Final
2015,2015 Brazilian National Jiu-Jitsu Championship,Augusto Carsalade,Points,N/A,Middleweight,Male,Final
2015,2015 Brazilian National Jiu-Jitsu Championship,Claudio Mattos,Loss,N/A,Middleweight,Male,Final
2015,2015 Brazilian National Jiu-Jitsu Championship,Luan Carvalho,Advantage,N/A,Lightweight,Male,Final
2015,2015 Brazilian National Jiu-Jitsu Championship,Juan Caio Kamezawa,Loss,N/A,Lightweight,Male,Final
2015,2015 Brazilian National Jiu-Jitsu Championship,Paulo Miyao,Points,N/A,Featherweight,Male,Final
2015,2015 Brazilian National Jiu-Jitsu Championship,Isaque Paiva,Loss,N/A,Featherweight,Male,Final
2015,2015 Brazilian National Jiu-Jitsu Championship,Joao Miyao,Submission,Choke From The Back,Light Featherweight,Male,Final
2015,2015 Brazilian National Jiu-Jitsu Championship,Thomas Lisboa,Loss,N/A,Light Featherweight,Male,Final
2015,2015 Brazilian National Jiu-Jitsu Championship,Ivaniel Oliveira,Win,N/A,Rooster Weight,Male,Final
2015,2015 Brazilian National Jiu-Jitsu Championship,Jorge Nakamura,Loss,N/A,Rooster Weight,Male,Final
2015,2015 Brazilian National Jiu-Jitsu Championship,Erberth Santos,Advantage,N/A,Absolute Division,Male,Semi-Finals
2015,2015 Brazilian National Jiu-Jitsu Championship,Victor Silverio,Loss,N/A,Absolute Division,Male,Semi-Finals
2015,2015 Brazilian National Jiu-Jitsu Championship,Renato Cardoso,Submission,Armbar,Absolute Division,Male,Semi-Finals
2015,2015 Brazilian National Jiu-Jitsu Championship,Pedro Moura,Loss,N/A,Absolute Division,Male,Semi-Finals
2015,2015 Brazilian National Jiu-Jitsu Championship,Joao Gabriel Rocha,Submission,Choke From The Back,Ultra Heavyweight,Male,Semi-Finals
2015,2015 Brazilian National Jiu-Jitsu Championship,Kitner Moura,Loss,N/A,Ultra Heavyweight,Male,Semi-Finals
2015,2015 Brazilian National Jiu-Jitsu Championship,Renato Cardoso,Decision,N/A,Medium Heavyweight,Male,Semi-Finals
2015,2015 Brazilian National Jiu-Jitsu Championship,William Lima,Loss,N/A,Medium Heavyweight,Male,Semi-Finals
2015,2015 Brazilian National Jiu-Jitsu Championship,Claudio Mattos,Decision,N/A,Middleweight,Male,Semi-Finals
2015,2015 Brazilian National Jiu-Jitsu Championship,Victor Silverio,Loss,N/A,Middleweight,Male,Semi-Finals
2015,2015 Brazilian National Jiu-Jitsu Championship,Augusto Carsalade,Points,N/A,Middleweight,Male,Semi-Finals
2015,2015 Brazilian National Jiu-Jitsu Championship,Jaime Canuto,Loss,N/A,Middleweight,Male,Semi-Finals
2015,2015 Brazilian National Jiu-Jitsu Championship,Luan Carvalho,Points,N/A,Lightweight,Male,Semi-Finals
2015,2015 Brazilian National Jiu-Jitsu Championship,Sandro Vieira,Loss,N/A,Lightweight,Male,Semi-Finals
2015,2015 Brazilian National Jiu-Jitsu Championship,Luan Carvalho,Decision,N/A,Lightweight,Male,Semi-Finals
2015,2015 Brazilian National Jiu-Jitsu Championship,Michael Langhi,Loss,N/A,Lightweight,Male,Semi-Finals
2015,2015 Brazilian National Jiu-Jitsu Championship,Paulo Miyao,Points,N/A,Featherweight,Male,Semi-Finals
2015,2015 Brazilian National Jiu-Jitsu Championship,Victor Matos,Points,N/A,Featherweight,Male,Semi-Finals
2015,2015 Brazilian National Jiu-Jitsu Championship,Joao Miyao,Submission,Choke From The Back,Light Featherweight,Male,Semi-Finals
2015,2015 Brazilian National Jiu-Jitsu Championship,Pedro Azevedo,Loss,N/A,Light Featherweight,Male,Semi-Finals
2015,2015 Brazilian National Jiu-Jitsu Championship,Thomas Lisboa,Submission,Triangle,Light Featherweight,Male,Semi-Finals
2015,2015 Brazilian National Jiu-Jitsu Championship,Thales Nakassu,Loss,N/A,Light Featherweight,Male,Semi-Finals
2015,2015 Brazilian National Jiu-Jitsu Championship,Erberth Santos,Advantage,N/A,Absolute Division,Male,Quarter-Finals
2015,2015 Brazilian National Jiu-Jitsu Championship,Cassio Francis,Loss,N/A,Absolute Division,Male,Quarter-Finals
2015,2015 Brazilian National Jiu-Jitsu Championship,Victor Silverio,Advantage,N/A,Absolute Division,Male,Quarter-Finals
2015,2015 Brazilian National Jiu-Jitsu Championship,Dimitrius Souza,Loss,N/A,Absolute Division,Male,Quarter-Finals
2015,2015 Brazilian National Jiu-Jitsu Championship,Renato Cardoso,Submission,Triangle,Absolute Division,Male,Quarter-Finals
2015,2015 Brazilian National Jiu-Jitsu Championship,Felipe Cesar Silva,Loss,N/A,Absolute Division,Male,Quarter-Finals
2015,2015 Brazilian National Jiu-Jitsu Championship,Renato Cardoso,Submission,Choke From The Back,Medium Heavyweight,Male,Quarter-Finals
2015,2015 Brazilian National Jiu-Jitsu Championship,Adriano Meletto,Loss,N/A,Medium Heavyweight,Male,Quarter-Finals
2015,2015 Brazilian National Jiu-Jitsu Championship,Jaime Canuto,Submission,Triangle,Middleweight,Male,Quarter-Finals
2015,2015 Brazilian National Jiu-Jitsu Championship,Anderson Carvalho,Loss,N/A,Middleweight,Male,Quarter-Finals
2015,2015 Brazilian National Jiu-Jitsu Championship,Luan Carvalho,Injury,N/A,Lightweight,Male,Quarter-Finals
2015,2015 Brazilian National Jiu-Jitsu Championship,Fabio Caloi,Loss,N/A,Lightweight,Male,Quarter-Finals
2015,2015 Brazilian National Jiu-Jitsu Championship,Luan Carvalho,Points,N/A,Lightweight,Male,Quarter-Finals
2015,2015 Brazilian National Jiu-Jitsu Championship,Jose Thiago,Loss,N/A,Lightweight,Male,Quarter-Finals
2015,2015 Brazilian National Jiu-Jitsu Championship,Paulo Miyao,Points,N/A,Featherweight,Male,Quarter-Finals
2015,2015 Brazilian National Jiu-Jitsu Championship,Onofre Lima,Loss,N/A,Featherweight,Male,Quarter-Finals
2015,2015 Brazilian National Jiu-Jitsu Championship,Thomas Lisboa,Submission,Armlock,Light Featherweight,Male,Quarter-Finals
2015,2015 Brazilian National Jiu-Jitsu Championship,Magno Vieira,Loss,N/A,Light Featherweight,Male,Quarter-Finals
2015,2015 Brazilian National Jiu-Jitsu Championship,Monique Elias,Decision,N/A,Ultra Heavyweight,Female,Final
2015,2015 Brazilian National Jiu-Jitsu Championship,Luiza Montiero,Loss,N/A,Ultra Heavyweight,Female,Final
2015,2015 Brazilian National Jiu-Jitsu Championship,Joaquina Bonfim,Points,N/A,Ultra Heavyweight,Female,Final
2015,2015 Brazilian National Jiu-Jitsu Championship,Fabiana Santos,Loss,N/A,Ultra Heavyweight,Female,Final
2015,2015 Brazilian National Jiu-Jitsu Championship,Andresa Correa,Submission,Leg Lock,Medium Heavyweight,Female,Final
2015,2015 Brazilian National Jiu-Jitsu Championship,Leticia Lalli,Loss,N/A,Medium Heavyweight,Female,Final
2015,2015 Brazilian National Jiu-Jitsu Championship,Monique Elias,Points,N/A,Middleweight,Female,Final
2015,2015 Brazilian National Jiu-Jitsu Championship,Barbara Gomes,Loss,N/A,Middleweight,Female,Final
2015,2015 Brazilian National Jiu-Jitsu Championship,Luiza Montiero,Win,N/A,Lightweight,Female,Final
2015,2015 Brazilian National Jiu-Jitsu Championship,Cristiane Yukari,Loss,N/A,Lightweight,Female,Final
2015,2015 Brazilian National Jiu-Jitsu Championship,Mackenzie Dern,Submission,Choke From Crucifix,Featherweight,Female,Final
2015,2015 Brazilian National Jiu-Jitsu Championship,Andressa Souza,Loss,N/A,Featherweight,Female,Final
2016,2016 IBJJF World Jiu-Jitsu Championship,Marcus Almeida “Buchecha”,Points,N/A,Absolute Division,Male,Final
2016,2016 IBJJF World Jiu-Jitsu Championship,Erberth Santos,Loss,N/A,Absolute Division,Male,Final
2016,2016 IBJJF World Jiu-Jitsu Championship,Marcus Almeida “Buchecha”,Submission,Armbar,Ultra Heavyweight,Male,Final
2016,2016 IBJJF World Jiu-Jitsu Championship,James Puopolo,Loss,N/A,Ultra Heavyweight,Male,Final
2016,2016 IBJJF World Jiu-Jitsu Championship,Leonardo Nogueira,Advantage,N/A,Super Heavyweight,Male,Final
2016,2016 IBJJF World Jiu-Jitsu Championship,Alexandro Ceconi,Loss,N/A,Super Heavyweight,Male,Final
2016,2016 IBJJF World Jiu-Jitsu Championship,Andre Galvao,Decision,N/A,Heavyweight,Male,Final
2016,2016 IBJJF World Jiu-Jitsu Championship,Jackson Sousa,Loss,N/A,Heavyweight,Male,Final
2016,2016 IBJJF World Jiu-Jitsu Championship,Leandro Lo,Points,N/A,Medium Heavyweight,Male,Final
2016,2016 IBJJF World Jiu-Jitsu Championship,Romulo Barral,Loss,N/A,Medium Heavyweight,Male,Final
2016,2016 IBJJF World Jiu-Jitsu Championship,Lucas Lepri,Submission,Choke From The Back,Lightweight,Male,Final
2016,2016 IBJJF World Jiu-Jitsu Championship,Edwin Najmi,Loss,N/A,Lightweight,Male,Final
2016,2016 IBJJF World Jiu-Jitsu Championship,Rafael Mendes,Advantage,N/A,Featherweight,Male,Final
2016,2016 IBJJF World Jiu-Jitsu Championship,Marcio Andre,Loss,N/A,Featherweight,Male,Final
2016,2016 IBJJF World Jiu-Jitsu Championship,Paulo Miyao,Points,N/A,Light Featherweight,Male,Final
2016,2016 IBJJF World Jiu-Jitsu Championship,Ary Farias,Loss,N/A,Light Featherweight,Male,Final
2016,2016 IBJJF World Jiu-Jitsu Championship,Bruno Malfacine,Advantage,N/A,Rooster Weight,Male,Final
2016,2016 IBJJF World Jiu-Jitsu Championship,Caio Terra,Loss,N/A,Rooster Weight,Male,Final
2016,2016 IBJJF World Jiu-Jitsu Championship,Erberth Santos,Submission,Armbar,Absolute Division,Male,Semi-Finals
2016,2016 IBJJF World Jiu-Jitsu Championship,Bernardo Faria,Loss,N/A,Absolute Division,Male,Semi-Finals
2016,2016 IBJJF World Jiu-Jitsu Championship,James Puopolo,Points,N/A,Ultra Heavyweight,Male,Semi-Finals
2016,2016 IBJJF World Jiu-Jitsu Championship,Ricardo Evangelista,Loss,N/A,Ultra Heavyweight,Male,Semi-Finals
2016,2016 IBJJF World Jiu-Jitsu Championship,Marcus Almeida “Buchecha”,Submission,Armbar,Ultra Heavyweight,Male,Semi-Finals
2016,2016 IBJJF World Jiu-Jitsu Championship,Joao Gabriel Rocha,Loss,N/A,Ultra Heavyweight,Male,Semi-Finals
2016,2016 IBJJF World Jiu-Jitsu Championship,Leonardo Nogueira,Points,N/A,Super Heavyweight,Male,Semi-Finals
2016,2016 IBJJF World Jiu-Jitsu Championship,Luiz Panza,Loss,N/A,Super Heavyweight,Male,Semi-Finals
2016,2016 IBJJF World Jiu-Jitsu Championship,Jackson Sousa,Points,N/A,Heavyweight,Male,Semi-Finals
2016,2016 IBJJF World Jiu-Jitsu Championship,Guilherme Augusto,Loss,N/A,Heavyweight,Male,Semi-Finals
2016,2016 IBJJF World Jiu-Jitsu Championship,Andre Galvao,Advantage,N/A,Heavyweight,Male,Semi-Finals
2016,2016 IBJJF World Jiu-Jitsu Championship,Cassio Francis,Loss,N/A,Heavyweight,Male,Semi-Finals
2016,2016 IBJJF World Jiu-Jitsu Championship,Leandro Lo,Points,N/A,Medium Heavyweight,Male,Semi-Finals
2016,2016 IBJJF World Jiu-Jitsu Championship,Keenan Cornelius,Loss,N/A,Medium Heavyweight,Male,Semi-Finals
2016,2016 IBJJF World Jiu-Jitsu Championship,Romulo Barral,Submission,Cross Choke,Medium Heavyweight,Male,Semi-Finals
2016,2016 IBJJF World Jiu-Jitsu Championship,Patrick Gaudio,Loss,N/A,Medium Heavyweight,Male,Semi-Finals
2016,2016 IBJJF World Jiu-Jitsu Championship,Gabriel Arges,Win,N/A,Middleweight,Male,Semi-Finals
2016,2016 IBJJF World Jiu-Jitsu Championship,Marcos Tinoco,Loss,N/A,Middleweight,Male,Semi-Finals
2016,2016 IBJJF World Jiu-Jitsu Championship,Otavio Sousa,Points,N/A,Middleweight,Male,Semi-Finals
2016,2016 IBJJF World Jiu-Jitsu Championship,Yago de Souza,Loss,N/A,Middleweight,Male,Semi-Finals
2016,2016 IBJJF World Jiu-Jitsu Championship,Edwin Najmi,Submission,Darce Choke,Lightweight,Male,Semi-Finals
2016,2016 IBJJF World Jiu-Jitsu Championship,Gabriel Rollo,Loss,N/A,Lightweight,Male,Semi-Finals
2016,2016 IBJJF World Jiu-Jitsu Championship,Lucas Lepri,Advantage,N/A,Lightweight,Male,Semi-Finals
2016,2016 IBJJF World Jiu-Jitsu Championship,Jonathan “JT” Torres,Loss,N/A,Lightweight,Male,Semi-Finals
2016,2016 IBJJF World Jiu-Jitsu Championship,Rafael Mendes,Submission,Triangle Arm Bar,Featherweight,Male,Semi-Finals
2016,2016 IBJJF World Jiu-Jitsu Championship,Osvaldo Queixinho Moizinho,Loss,N/A,Featherweight,Male,Semi-Finals
2016,2016 IBJJF World Jiu-Jitsu Championship,Marcio Andre,Points,N/A,Featherweight,Male,Semi-Finals
2016,2016 IBJJF World Jiu-Jitsu Championship,Rubens Charles,Loss,N/A,Featherweight,Male,Semi-Finals
2016,2016 IBJJF World Jiu-Jitsu Championship,Ary Farias,Decision,N/A,Light Featherweight,Male,Semi-Finals
2016,2016 IBJJF World Jiu-Jitsu Championship,Hiago George,Loss,N/A,Light Featherweight,Male,Semi-Finals
2016,2016 IBJJF World Jiu-Jitsu Championship,Paulo Miyao,Points,N/A,Light Featherweight,Male,Semi-Finals
2016,2016 IBJJF World Jiu-Jitsu Championship,Isaac Doederlein,Loss,N/A,Light Featherweight,Male,Semi-Finals
2016,2016 IBJJF World Jiu-Jitsu Championship,Bruno Malfacine,Submission,Armbar,Rooster Weight,Male,Semi-Finals
2016,2016 IBJJF World Jiu-Jitsu Championship,José Tiago Barros,Loss,N/A,Rooster Weight,Male,Semi-Finals
2016,2016 IBJJF World Jiu-Jitsu Championship,Caio Terra,Points,N/A,Rooster Weight,Male,Semi-Finals
2016,2016 IBJJF World Jiu-Jitsu Championship,Joao Miyao,Loss,N/A,Rooster Weight,Male,Semi-Finals
2016,2016 IBJJF World Jiu-Jitsu Championship,Erberth Santos,Points,N/A,Absolute Division,Male,Quarter-Finals
2016,2016 IBJJF World Jiu-Jitsu Championship,Romulo Barral,Loss,N/A,Absolute Division,Male,Quarter-Finals
2016,2016 IBJJF World Jiu-Jitsu Championship,Leandro Lo,Points,N/A,Absolute Division,Male,Quarter-Finals
2016,2016 IBJJF World Jiu-Jitsu Championship,Keenan Cornelius,Loss,N/A,Absolute Division,Male,Quarter-Finals
2016,2016 IBJJF World Jiu-Jitsu Championship,Bernardo Faria,Points,N/A,Absolute Division,Male,Quarter-Finals
2016,2016 IBJJF World Jiu-Jitsu Championship,Rodrigo Cavaca,Loss,N/A,Absolute Division,Male,Quarter-Finals
2016,2016 IBJJF World Jiu-Jitsu Championship,Marcus Almeida “Buchecha”,Submission,Armbar,Absolute Division,Male,Quarter-Finals
2016,2016 IBJJF World Jiu-Jitsu Championship,Felipe Pena,Loss,N/A,Absolute Division,Male,Quarter-Finals
2016,2016 IBJJF World Jiu-Jitsu Championship,Ricardo Evangelista,Submission,Armlock,Ultra Heavyweight,Male,Quarter-Finals
2016,2016 IBJJF World Jiu-Jitsu Championship,Otavio Nalati,Loss,N/A,Ultra Heavyweight,Male,Quarter-Finals
2016,2016 IBJJF World Jiu-Jitsu Championship,James Puopolo,Points,N/A,Ultra Heavyweight,Male,Quarter-Finals
2016,2016 IBJJF World Jiu-Jitsu Championship,Carlos Farias,Loss,N/A,Ultra Heavyweight,Male,Quarter-Finals
2016,2016 IBJJF World Jiu-Jitsu Championship,Joao Gabriel Rocha,Win,N/A,Ultra Heavyweight,Male,Quarter-Finals
2016,2016 IBJJF World Jiu-Jitsu Championship,Pedro Moura,Loss,N/A,Ultra Heavyweight,Male,Quarter-Finals
2016,2016 IBJJF World Jiu-Jitsu Championship,Joao Gabriel Rocha,Decision,N/A,Ultra Heavyweight,Male,Quarter-Finals
2016,2016 IBJJF World Jiu-Jitsu Championship,Alexander Trans,Loss,N/A,Ultra Heavyweight,Male,Quarter-Finals
2016,2016 IBJJF World Jiu-Jitsu Championship,Luiz Panza,Win,N/A,Super Heavyweight,Male,Quarter-Finals
2016,2016 IBJJF World Jiu-Jitsu Championship,Paul Ardila-Ibarra,Loss,N/A,Super Heavyweight,Male,Quarter-Finals
2016,2016 IBJJF World Jiu-Jitsu Championship,Leonardo Nogueira,Points,N/A,Super Heavyweight,Male,Quarter-Finals
2016,2016 IBJJF World Jiu-Jitsu Championship,Vitor Toledo,Loss,N/A,Super Heavyweight,Male,Quarter-Finals
2016,2016 IBJJF World Jiu-Jitsu Championship,Igor Silva,Points,N/A,Super Heavyweight,Male,Quarter-Finals
2016,2016 IBJJF World Jiu-Jitsu Championship,Rodrigo Cavaca,Loss,N/A,Super Heavyweight,Male,Quarter-Finals
2016,2016 IBJJF World Jiu-Jitsu Championship,Andre Galvao,Penalty,N/A,Heavyweight,Male,Quarter-Finals
2016,2016 IBJJF World Jiu-Jitsu Championship,Lucas Rocha,Loss,N/A,Heavyweight,Male,Quarter-Finals
2016,2016 IBJJF World Jiu-Jitsu Championship,Guilherme Augusto,Points,N/A,Heavyweight,Male,Quarter-Finals
2016,2016 IBJJF World Jiu-Jitsu Championship,Erberth Santos,Loss,N/A,Heavyweight,Male,Quarter-Finals
2016,2016 IBJJF World Jiu-Jitsu Championship,Dominyka Obelenyte,Advantage,N/A,Absolute Division,Female,Final
2016,2016 IBJJF World Jiu-Jitsu Championship,Beatriz Mesquita,Loss,N/A,Absolute Division,Female,Final
2016,2016 IBJJF World Jiu-Jitsu Championship,Dominyka Obelenyte,Points,N/A,Heavyweight,Female,Final
2016,2016 IBJJF World Jiu-Jitsu Championship,Venla Luukkonen,Loss,N/A,Heavyweight,Female,Final
2016,2016 IBJJF World Jiu-Jitsu Championship,Andresa Correa,Points,N/A,Medium Heavyweight,Female,Final
2016,2016 IBJJF World Jiu-Jitsu Championship,Sijara Eubanks,Loss,N/A,Medium Heavyweight,Female,Final
2016,2016 IBJJF World Jiu-Jitsu Championship,Fernanda Mazzelli,Decision,N/A,Medium Heavyweight,Female,Final
2016,2016 IBJJF World Jiu-Jitsu Championship,Alison Tremblay,Loss,N/A,Medium Heavyweight,Female,Final
2016,2016 IBJJF World Jiu-Jitsu Championship,Monique Elias,Decision,N/A,Middleweight,Female,Final
2016,2016 IBJJF World Jiu-Jitsu Championship,Luiza Montiero,Loss,N/A,Middleweight,Female,Final
2016,2016 IBJJF World Jiu-Jitsu Championship,Beatriz Mesquita,Points,N/A,Lightweight,Female,Final
2016,2016 IBJJF World Jiu-Jitsu Championship,Sarah Block,Loss,N/A,Lightweight,Female,Final
2016,2016 IBJJF World Jiu-Jitsu Championship,Mackenzie Dern,Advantage,N/A,Featherweight,Female,Final
2016,2016 IBJJF World Jiu-Jitsu Championship,Michelle Nicolini,Loss,N/A,Featherweight,Female,Final
2016,2016 IBJJF World Jiu-Jitsu Championship,Gezary Matuda,Submission,Choke,Light Featherweight,Female,Final
2016,2016 IBJJF World Jiu-Jitsu Championship,Kristina Barlaan,Loss,N/A,Light Featherweight,Female,Final
2016,2016 IBJJF World Jiu-Jitsu Championship,Rikako Yuasa,Submission,Choke From The Back,Rooster Weight,Female,Final
2016,2016 IBJJF World Jiu-Jitsu Championship,Outi Jarvilehto,Loss,N/A,Rooster Weight,Female,Final
2016,2016 IBJJF World Jiu-Jitsu Championship,Dominyka Obelenyte,Points,N/A,Absolute Division,Female,Semi-Finals
2016,2016 IBJJF World Jiu-Jitsu Championship,Mackenzie Dern,Loss,N/A,Absolute Division,Female,Semi-Finals
2016,2016 IBJJF World Jiu-Jitsu Championship,Mackenzie Dern,Decision,N/A,Featherweight,Female,Semi-Finals
2016,2016 IBJJF World Jiu-Jitsu Championship,Karen Antunes,Loss,N/A,Featherweight,Female,Semi-Finals
2016,2016 IBJJF World Jiu-Jitsu Championship,Dominyka Obelenyte,Decision,N/A,Absolute Division,Female,Quarter-Finals
2016,2016 IBJJF World Jiu-Jitsu Championship,Fabiana Santos,Loss,N/A,Absolute Division,Female,Quarter-Finals
2016,2016 IBJJF World Jiu-Jitsu Championship,Mackenzie Dern,Decision,N/A,Absolute Division,Female,Quarter-Finals
2016,2016 IBJJF World Jiu-Jitsu Championship,Fernanda Mazzelli,Loss,N/A,Absolute Division,Female,Quarter-Finals
2016,2016 Pan Jiu-Jitsu IBJJF Championship,Bernardo Faria,Submission,Ezekiel,Absolute Division,Male,Final
2016,2016 Pan Jiu-Jitsu IBJJF Championship,Leandro Lo,Loss,N/A,Absolute Division,Male,Final
2016,2016 Pan Jiu-Jitsu IBJJF Championship,Luiz Panza,Submission,Footlock,Super Heavyweight,Male,Final
2016,2016 Pan Jiu-Jitsu IBJJF Championship,Alexandro Ceconi,Loss,N/A,Super Heavyweight,Male,Final
2016,2016 Pan Jiu-Jitsu IBJJF Championship,Cassio Francis,Points,N/A,Heavyweight,Male,Final
2016,2016 Pan Jiu-Jitsu IBJJF Championship,Leonardo Nogueira,Loss,N/A,Heavyweight,Male,Final
2016,2016 Pan Jiu-Jitsu IBJJF Championship,Leandro Lo,Points,N/A,Medium Heavyweight,Male,Final
2016,2016 Pan Jiu-Jitsu IBJJF Championship,Romulo Barral,Loss,N/A,Medium Heavyweight,Male,Final
2016,2016 Pan Jiu-Jitsu IBJJF Championship,Yago de Souza,Advantage,N/A,Middleweight,Male,Final
2016,2016 Pan Jiu-Jitsu IBJJF Championship,Vitor Oliveira,Loss,N/A,Middleweight,Male,Final
2016,2016 Pan Jiu-Jitsu IBJJF Championship,Edwin Najmi,Submission,Estima Lock,Lightweight,Male,Final
2016,2016 Pan Jiu-Jitsu IBJJF Championship,Francisco Sinistro Iturralde,Loss,N/A,Lightweight,Male,Final
2016,2016 Pan Jiu-Jitsu IBJJF Championship,Paulo Miyao,Advantage,N/A,Featherweight,Male,Final
2016,2016 Pan Jiu-Jitsu IBJJF Championship,Osvaldo Queixinho Moizinho,Loss,N/A,Featherweight,Male,Final
2016,2016 Pan Jiu-Jitsu IBJJF Championship,Joao Miyao,Points,N/A,Light Featherweight,Male,Final
2016,2016 Pan Jiu-Jitsu IBJJF Championship,Gabriel Moraes,Loss,N/A,Light Featherweight,Male,Final
2016,2016 Pan Jiu-Jitsu IBJJF Championship,Mikey Musumeci,Points,N/A,Rooster Weight,Male,Final
2016,2016 Pan Jiu-Jitsu IBJJF Championship,Lucas Pinheiro,Loss,N/A,Rooster Weight,Male,Final
2016,2016 Pan Jiu-Jitsu IBJJF Championship,Leandro Lo,Points,N/A,Absolute Division,Male,Semi-Finals
2016,2016 Pan Jiu-Jitsu IBJJF Championship,Andre Galvao,Loss,N/A,Absolute Division,Male,Semi-Finals
2016,2016 Pan Jiu-Jitsu IBJJF Championship,Bernardo Faria,Submission,Choke From The Back,Absolute Division,Male,Semi-Finals
2016,2016 Pan Jiu-Jitsu IBJJF Championship,Tim Spriggs,Loss,N/A,Absolute Division,Male,Semi-Finals
2016,2016 Pan Jiu-Jitsu IBJJF Championship,Luiz Panza,Points,N/A,Super Heavyweight,Male,Semi-Finals
2016,2016 Pan Jiu-Jitsu IBJJF Championship,Yuri Simões,Loss,N/A,Super Heavyweight,Male,Semi-Finals
2016,2016 Pan Jiu-Jitsu IBJJF Championship,Cassio Francis,Points,N/A,Heavyweight,Male,Semi-Finals
2016,2016 Pan Jiu-Jitsu IBJJF Championship,Diego Herzog,Loss,N/A,Heavyweight,Male,Semi-Finals
2016,2016 Pan Jiu-Jitsu IBJJF Championship,Leonardo Nogueira,Points,N/A,Heavyweight,Male,Semi-Finals
2016,2016 Pan Jiu-Jitsu IBJJF Championship,Guilherme Augusto,Loss,N/A,Heavyweight,Male,Semi-Finals
2016,2016 Pan Jiu-Jitsu IBJJF Championship,Leandro Lo,Submission,Toehold,Medium Heavyweight,Male,Semi-Finals
2016,2016 Pan Jiu-Jitsu IBJJF Championship,Renato Cardoso,Loss,N/A,Medium Heavyweight,Male,Semi-Finals
2016,2016 Pan Jiu-Jitsu IBJJF Championship,Romulo Barral,Points,N/A,Medium Heavyweight,Male,Semi-Finals
2016,2016 Pan Jiu-Jitsu IBJJF Championship,Murilo Santana,Loss,N/A,Medium Heavyweight,Male,Semi-Finals
2016,2016 Pan Jiu-Jitsu IBJJF Championship,Vitor Oliveira,Points,N/A,Middleweight,Male,Semi-Finals
2016,2016 Pan Jiu-Jitsu IBJJF Championship,Jonathan “JT” Torres,Loss,N/A,Middleweight,Male,Semi-Finals
2016,2016 Pan Jiu-Jitsu IBJJF Championship,Yago de Souza,Points,N/A,Middleweight,Male,Semi-Finals
2016,2016 Pan Jiu-Jitsu IBJJF Championship,Otavio Sousa,Loss,N/A,Middleweight,Male,Semi-Finals
2016,2016 Pan Jiu-Jitsu IBJJF Championship,Francisco Sinistro Iturralde,Advantage,N/A,Lightweight,Male,Semi-Finals
2016,2016 Pan Jiu-Jitsu IBJJF Championship,Gabriel Rollo,Loss,N/A,Lightweight,Male,Semi-Finals
2016,2016 Pan Jiu-Jitsu IBJJF Championship,Edwin Najmi,Submission,Choke From The Back,Lightweight,Male,Semi-Finals
2016,2016 Pan Jiu-Jitsu IBJJF Championship,Rodrigo Freitas,Loss,N/A,Lightweight,Male,Semi-Finals
2016,2016 Pan Jiu-Jitsu IBJJF Championship,Paulo Miyao,Points,N/A,Featherweight,Male,Semi-Finals
2016,2016 Pan Jiu-Jitsu IBJJF Championship,Bruno Frazatto,Loss,N/A,Featherweight,Male,Semi-Finals
2016,2016 Pan Jiu-Jitsu IBJJF Championship,Joao Miyao,Submission,Choke From The Back,Light Featherweight,Male,Semi-Finals
2016,2016 Pan Jiu-Jitsu IBJJF Championship,Vitor Paschoal,Loss,N/A,Light Featherweight,Male,Semi-Finals
2016,2016 Pan Jiu-Jitsu IBJJF Championship,Gabriel Moraes,Decision,N/A,Light Featherweight,Male,Semi-Finals
2016,2016 Pan Jiu-Jitsu IBJJF Championship,Hiago George,Loss,N/A,Light Featherweight,Male,Semi-Finals
2016,2016 Pan Jiu-Jitsu IBJJF Championship,Mikey Musumeci,Submission,Choke From The Back,Rooster Weight,Male,Semi-Finals
2016,2016 Pan Jiu-Jitsu IBJJF Championship,Joao Pedro Somalia,Loss,N/A,Rooster Weight,Male,Semi-Finals
2016,2016 Pan Jiu-Jitsu IBJJF Championship,Lucas Pinheiro,Advantage,N/A,Rooster Weight,Male,Semi-Finals
2016,2016 Pan Jiu-Jitsu IBJJF Championship,Koji Shibamoto,Loss,N/A,Rooster Weight,Male,Semi-Finals
2016,2016 Pan Jiu-Jitsu IBJJF Championship,Bernardo Faria,Win,N/A,Absolute Division,Male,Quarter-Finals
2016,2016 Pan Jiu-Jitsu IBJJF Championship,Gabriel Arges,Loss,N/A,Absolute Division,Male,Quarter-Finals
2016,2016 Pan Jiu-Jitsu IBJJF Championship,Andre Galvao,Points,N/A,Absolute Division,Male,Quarter-Finals
2016,2016 Pan Jiu-Jitsu IBJJF Championship,Leonardo Nogueira,Loss,N/A,Absolute Division,Male,Quarter-Finals
2016,2016 Pan Jiu-Jitsu IBJJF Championship,Leandro Lo,Points,N/A,Absolute Division,Male,Quarter-Finals
2016,2016 Pan Jiu-Jitsu IBJJF Championship,Guilherme Augusto,Loss,N/A,Absolute Division,Male,Quarter-Finals
2016,2016 Pan Jiu-Jitsu IBJJF Championship,Tim Spriggs,Points,N/A,Absolute Division,Male,Quarter-Finals
2016,2016 Pan Jiu-Jitsu IBJJF Championship,Joao Gabriel Rocha,Loss,N/A,Absolute Division,Male,Quarter-Finals
2016,2016 Pan Jiu-Jitsu IBJJF Championship,Dany Gerard,Submission,Choke,Ultra Heavyweight,Male,Quarter-Finals
2016,2016 Pan Jiu-Jitsu IBJJF Championship,Abraham Marte,Loss,N/A,Ultra Heavyweight,Male,Quarter-Finals
2016,2016 Pan Jiu-Jitsu IBJJF Championship,Andre Galvao,Submission,Baseball Bat Choke,Ultra Heavyweight,Male,Quarter-Finals
2016,2016 Pan Jiu-Jitsu IBJJF Championship,Kitner Moura,Loss,N/A,Ultra Heavyweight,Male,Quarter-Finals
2016,2016 Pan Jiu-Jitsu IBJJF Championship,Igor Schneider,Points,N/A,100Kgs,Male,Quarter-Finals
2016,2016 Pan Jiu-Jitsu IBJJF Championship,James Puopolo,Loss,N/A,100Kgs,Male,Quarter-Finals
2016,2016 Pan Jiu-Jitsu IBJJF Championship,Luiz Panza,Points,N/A,Super Heavyweight,Male,Quarter-Finals
2016,2016 Pan Jiu-Jitsu IBJJF Championship,Eliot Kelly,Loss,N/A,Super Heavyweight,Male,Quarter-Finals
2016,2016 Pan Jiu-Jitsu IBJJF Championship,Yuri Simões,Submission,Armbar,Super Heavyweight,Male,Quarter-Finals
2016,2016 Pan Jiu-Jitsu IBJJF Championship,Guybson Sá,Loss,N/A,Super Heavyweight,Male,Quarter-Finals
2016,2016 Pan Jiu-Jitsu IBJJF Championship,Leonardo Nogueira,Points,N/A,Heavyweight,Male,Quarter-Finals
2016,2016 Pan Jiu-Jitsu IBJJF Championship,Roberto Torralbas,Loss,N/A,Heavyweight,Male,Quarter-Finals
2016,2016 Pan Jiu-Jitsu IBJJF Championship,Cassio Francis,Win,N/A,Heavyweight,Male,Quarter-Finals
2016,2016 Pan Jiu-Jitsu IBJJF Championship,Herico Hesley,Loss,N/A,Heavyweight,Male,Quarter-Finals
2016,2016 Pan Jiu-Jitsu IBJJF Championship,Guilherme Augusto,Points,N/A,Heavyweight,Male,Quarter-Finals
2016,2016 Pan Jiu-Jitsu IBJJF Championship,Arnaldo Maidana,Loss,N/A,Heavyweight,Male,Quarter-Finals
2016,2016 Pan Jiu-Jitsu IBJJF Championship,Romulo Barral,Submission,Choke,Medium Heavyweight,Male,Quarter-Finals
2016,2016 Pan Jiu-Jitsu IBJJF Championship,Pedro Mello,Loss,N/A,Medium Heavyweight,Male,Quarter-Finals
2016,2016 Pan Jiu-Jitsu IBJJF Championship,Murilo Santana,Submission,Armbar,Medium Heavyweight,Male,Quarter-Finals
2016,2016 Pan Jiu-Jitsu IBJJF Championship,Thiago Sá Fortes Silva,Loss,N/A,Medium Heavyweight,Male,Quarter-Finals
2016,2016 Pan Jiu-Jitsu IBJJF Championship,Renato Cardoso,Points,N/A,Medium Heavyweight,Male,Quarter-Finals
2016,2016 Pan Jiu-Jitsu IBJJF Championship,Rodrigo Fajardo,Loss,N/A,Medium Heavyweight,Male,Quarter-Finals
2016,2016 Pan Jiu-Jitsu IBJJF Championship,Mackenzie Dern,Advantage,N/A,Featherweight,Female,Final
2016,2016 Pan Jiu-Jitsu IBJJF Championship,Karen Antunes,Loss,N/A,Featherweight,Female,Final
2016,2016 Pan Jiu-Jitsu IBJJF Championship,Dominyka Obelenyte,Points,N/A,Absolute Division,Female,Semi-Finals
2016,2016 Pan Jiu-Jitsu IBJJF Championship,Mackenzie Dern,Loss,N/A,Absolute Division,Female,Semi-Finals
2016,2016 Pan Jiu-Jitsu IBJJF Championship,Mackenzie Dern,Win,N/A,Featherweight,Female,Semi-Finals
2016,2016 Pan Jiu-Jitsu IBJJF Championship,Vianca Jager,Loss,N/A,Featherweight,Female,Semi-Finals
2016,2016 Pan Jiu-Jitsu IBJJF Championship,Mackenzie Dern,Points,N/A,Absolute Division,Female,Quarter-Finals
2016,2016 Pan Jiu-Jitsu IBJJF Championship,Fernanda Mazzelli,Loss,N/A,Absolute Division,Female,Quarter-Finals
2016,2016 Brazilian National Jiu-Jitsu Championship,Erberth Santos,Points,N/A,Absolute Division,Male,Final
2016,2016 Brazilian National Jiu-Jitsu Championship,Rodrigo Cavaca,Loss,N/A,Absolute Division,Male,Final
2016,2016 Brazilian National Jiu-Jitsu Championship,Luiz Theodoro,Points,N/A,Ultra Heavyweight,Male,Final
2016,2016 Brazilian National Jiu-Jitsu Championship,Igor Schneider,Loss,N/A,Ultra Heavyweight,Male,Final
2016,2016 Brazilian National Jiu-Jitsu Championship,Alex Aparecido,Win,N/A,Super Heavyweight,Male,Final
2016,2016 Brazilian National Jiu-Jitsu Championship,Rodrigo Silva,Loss,N/A,Super Heavyweight,Male,Final
2016,2016 Brazilian National Jiu-Jitsu Championship,Guilherme Augusto,Advantage,N/A,Heavyweight,Male,Final
2016,2016 Brazilian National Jiu-Jitsu Championship,Miguel Angel,Loss,N/A,Heavyweight,Male,Final
2016,2016 Brazilian National Jiu-Jitsu Championship,Renato Cardoso,Submission,Armbar,Medium Heavyweight,Male,Final
2016,2016 Brazilian National Jiu-Jitsu Championship,Patrick Gaudio,Loss,N/A,Medium Heavyweight,Male,Final
2016,2016 Brazilian National Jiu-Jitsu Championship,Jhonny Loureiro,Submission,Loop Choke,Middleweight,Male,Final
2016,2016 Brazilian National Jiu-Jitsu Championship,Luan Carvalho,Loss,N/A,Middleweight,Male,Final
2016,2016 Brazilian National Jiu-Jitsu Championship,Michael Langhi,Win,N/A,Lightweight,Male,Final
2016,2016 Brazilian National Jiu-Jitsu Championship,Juan Caio Kamezawa,Loss,N/A,Lightweight,Male,Final
2016,2016 Brazilian National Jiu-Jitsu Championship,Paulo Miyao,Points,N/A,Featherweight,Male,Final
2016,2016 Brazilian National Jiu-Jitsu Championship,Isaque Paiva,Loss,N/A,Featherweight,Male,Final
2016,2016 Brazilian National Jiu-Jitsu Championship,José Tiago Barros,Win,N/A,Light Featherweight,Male,Final
2016,2016 Brazilian National Jiu-Jitsu Championship,Hiago George,Loss,N/A,Light Featherweight,Male,Final
2016,2016 Brazilian National Jiu-Jitsu Championship,Rodnei Barbosa,Submission,Choke From The Back,Rooster Weight,Male,Final
2016,2016 Brazilian National Jiu-Jitsu Championship,Juan Lopes,Loss,N/A,Rooster Weight,Male,Final
2016,2016 Brazilian National Jiu-Jitsu Championship,Erberth Santos,Points,N/A,Absolute Division,Male,Semi-Finals
2016,2016 Brazilian National Jiu-Jitsu Championship,Renato Cardoso,Loss,N/A,Absolute Division,Male,Semi-Finals
2016,2016 Brazilian National Jiu-Jitsu Championship,Igor Schneider,Points,N/A,Ultra Heavyweight,Male,Semi-Finals
2016,2016 Brazilian National Jiu-Jitsu Championship,Bruno Novaes,Loss,N/A,Ultra Heavyweight,Male,Semi-Finals
2016,2016 Brazilian National Jiu-Jitsu Championship,Alex Aparecido,Submission,Triangle,Super Heavyweight,Male,Semi-Finals
2016,2016 Brazilian National Jiu-Jitsu Championship,Erberth Santos,Loss,N/A,Super Heavyweight,Male,Semi-Finals
2016,2016 Brazilian National Jiu-Jitsu Championship,Rodrigo Silva,Win,N/A,Super Heavyweight,Male,Semi-Finals
2016,2016 Brazilian National Jiu-Jitsu Championship,Felipe Bueno,Loss,N/A,Super Heavyweight,Male,Semi-Finals
2016,2016 Brazilian National Jiu-Jitsu Championship,Miguel Angel,Decision,N/A,Heavyweight,Male,Semi-Finals
2016,2016 Brazilian National Jiu-Jitsu Championship,Dimitrius Souza,Loss,N/A,Heavyweight,Male,Semi-Finals
2016,2016 Brazilian National Jiu-Jitsu Championship,Guilherme Augusto,Submission,Toehold,Heavyweight,Male,Semi-Finals
2016,2016 Brazilian National Jiu-Jitsu Championship,Cassio Francis,Loss,N/A,Heavyweight,Male,Semi-Finals
2016,2016 Brazilian National Jiu-Jitsu Championship,Patrick Gaudio,Points,N/A,Medium Heavyweight,Male,Semi-Finals
2016,2016 Brazilian National Jiu-Jitsu Championship,Ruan Oliveira,Loss,N/A,Medium Heavyweight,Male,Semi-Finals
2016,2016 Brazilian National Jiu-Jitsu Championship,Renato Cardoso,Points,N/A,Medium Heavyweight,Male,Semi-Finals
2016,2016 Brazilian National Jiu-Jitsu Championship,William Martins,Loss,N/A,Medium Heavyweight,Male,Semi-Finals
2016,2016 Brazilian National Jiu-Jitsu Championship,Jhonny Loureiro,DQ,N/A,Middleweight,Male,Semi-Finals
2016,2016 Brazilian National Jiu-Jitsu Championship,William Dias,Loss,N/A,Middleweight,Male,Semi-Finals
2016,2016 Brazilian National Jiu-Jitsu Championship,Luan Carvalho,Decision,N/A,Middleweight,Male,Semi-Finals
2016,2016 Brazilian National Jiu-Jitsu Championship,Claudio Mattos,Loss,N/A,Middleweight,Male,Semi-Finals
2016,2016 Brazilian National Jiu-Jitsu Championship,Juan Caio Kamezawa,Win,N/A,Lightweight,Male,Semi-Finals
2016,2016 Brazilian National Jiu-Jitsu Championship,Sandro Vieira,Loss,N/A,Lightweight,Male,Semi-Finals
2016,2016 Brazilian National Jiu-Jitsu Championship,Michael Langhi,Win,N/A,Lightweight,Male,Semi-Finals
2016,2016 Brazilian National Jiu-Jitsu Championship,Theodoro Canal,Loss,N/A,Lightweight,Male,Semi-Finals
2016,2016 Brazilian National Jiu-Jitsu Championship,Isaque Paiva,Submission,Choke,Featherweight,Male,Semi-Finals
2016,2016 Brazilian National Jiu-Jitsu Championship,Luciano Azevedo,Loss,N/A,Featherweight,Male,Semi-Finals
2016,2016 Brazilian National Jiu-Jitsu Championship,Paulo Miyao,Points,N/A,Featherweight,Male,Semi-Finals
2016,2016 Brazilian National Jiu-Jitsu Championship,Fabio Caloi,Loss,N/A,Featherweight,Male,Semi-Finals
2016,2016 Brazilian National Jiu-Jitsu Championship,Hiago George,Points,N/A,Light Featherweight,Male,Semi-Finals
2016,2016 Brazilian National Jiu-Jitsu Championship,Marcos Suel,Loss,N/A,Light Featherweight,Male,Semi-Finals
2016,2016 Brazilian National Jiu-Jitsu Championship,José Tiago Barros,Win,N/A,Light Featherweight,Male,Semi-Finals
2016,2016 Brazilian National Jiu-Jitsu Championship,Magno Vieira,Loss,N/A,Light Featherweight,Male,Semi-Finals
2016,2016 Brazilian National Jiu-Jitsu Championship,Juan Lopes,Win,N/A,Rooster Weight,Male,Semi-Finals
2016,2016 Brazilian National Jiu-Jitsu Championship,Rafael Santos,Loss,N/A,Rooster Weight,Male,Semi-Finals
2016,2016 Brazilian National Jiu-Jitsu Championship,Rodrigo Cavaca,Advantage,N/A,Absolute Division,Male,Quarter-Finals
2016,2016 Brazilian National Jiu-Jitsu Championship,Guilherme Augusto,Loss,N/A,Absolute Division,Male,Quarter-Finals
2016,2016 Brazilian National Jiu-Jitsu Championship,Renato Cardoso,Submission,Wrist Lock,Absolute Division,Male,Quarter-Finals
2016,2016 Brazilian National Jiu-Jitsu Championship,Diego Ramalho,Loss,N/A,Absolute Division,Male,Quarter-Finals
2016,2016 Brazilian National Jiu-Jitsu Championship,Erberth Santos,Advantage,N/A,Absolute Division,Male,Quarter-Finals
2016,2016 Brazilian National Jiu-Jitsu Championship,Pedro Moura,Loss,N/A,Absolute Division,Male,Quarter-Finals
2016,2016 Brazilian National Jiu-Jitsu Championship,Igor Schneider,Points,N/A,Ultra Heavyweight,Male,Quarter-Finals
2016,2016 Brazilian National Jiu-Jitsu Championship,Otavio Nalati,Loss,N/A,Ultra Heavyweight,Male,Quarter-Finals
2016,2016 Brazilian National Jiu-Jitsu Championship,Erberth Santos,Submission,Wrist Lock,Super Heavyweight,Male,Quarter-Finals
2016,2016 Brazilian National Jiu-Jitsu Championship,Luiz Faguntes,Loss,N/A,Super Heavyweight,Male,Quarter-Finals
2016,2016 Brazilian National Jiu-Jitsu Championship,Dimitrius Souza,DQ,N/A,Heavyweight,Male,Quarter-Finals
2016,2016 Brazilian National Jiu-Jitsu Championship,Romes Ramos,Loss,N/A,Heavyweight,Male,Quarter-Finals
2016,2016 Brazilian National Jiu-Jitsu Championship,Miguel Angel,Submission,Wrist Lock,Heavyweight,Male,Quarter-Finals
2016,2016 Brazilian National Jiu-Jitsu Championship,Felipe Cranivata,Loss,N/A,Heavyweight,Male,Quarter-Finals
2016,2016 Brazilian National Jiu-Jitsu Championship,Cassio Francis,Win,N/A,Heavyweight,Male,Quarter-Finals
2016,2016 Brazilian National Jiu-Jitsu Championship,Igor Marques,Loss,N/A,Heavyweight,Male,Quarter-Finals
2016,2016 Brazilian National Jiu-Jitsu Championship,Guilherme Augusto,Submission,Choke From The Back,Heavyweight,Male,Quarter-Finals
2016,2016 Brazilian National Jiu-Jitsu Championship,Gabriel Alves,Loss,N/A,Heavyweight,Male,Quarter-Finals
2016,2016 Brazilian National Jiu-Jitsu Championship,Patrick Gaudio,Submission,Triangle,Medium Heavyweight,Male,Quarter-Finals
2016,2016 Brazilian National Jiu-Jitsu Championship,Diego Ramalho,Loss,N/A,Medium Heavyweight,Male,Quarter-Finals
2016,2016 Brazilian National Jiu-Jitsu Championship,Renato Cardoso,Submission,Triangle,Medium Heavyweight,Male,Quarter-Finals
2016,2016 Brazilian National Jiu-Jitsu Championship,P. Dias,Loss,N/A,Medium Heavyweight,Male,Quarter-Finals
2016,2016 Brazilian National Jiu-Jitsu Championship,Ruan Oliveira,Points,N/A,Medium Heavyweight,Male,Quarter-Finals
2016,2016 Brazilian National Jiu-Jitsu Championship,Rodrigo Fajardo,Loss,N/A,Medium Heavyweight,Male,Quarter-Finals
2016,2016 Brazilian National Jiu-Jitsu Championship,Luan Carvalho,Win,N/A,Middleweight,Male,Quarter-Finals
2016,2016 Brazilian National Jiu-Jitsu Championship,Alex Cavaleri,Loss,N/A,Middleweight,Male,Quarter-Finals
2016,2016 Brazilian National Jiu-Jitsu Championship,Andresa Correa,Win,N/A,Absolute Division,Female,Final
2016,2016 Brazilian National Jiu-Jitsu Championship,Mackenzie Dern,Loss,N/A,Absolute Division,Female,Final
2016,2016 Brazilian National Jiu-Jitsu Championship,Talita Nogueira,Win,N/A,Ultra Heavyweight,Female,Final
2016,2016 Brazilian National Jiu-Jitsu Championship,Carina Santi,Loss,N/A,Ultra Heavyweight,Female,Final
2016,2016 Brazilian National Jiu-Jitsu Championship,Fabiana Santos,Win,N/A,Super Heavyweight,Female,Final
2016,2016 Brazilian National Jiu-Jitsu Championship,Andrea Pereira,Loss,N/A,Super Heavyweight,Female,Final
2016,2016 Brazilian National Jiu-Jitsu Championship,Samela Leite,Win,N/A,Heavyweight,Female,Final
2016,2016 Brazilian National Jiu-Jitsu Championship,Fernanda Mazzelli,Loss,N/A,Heavyweight,Female,Final
2016,2016 Brazilian National Jiu-Jitsu Championship,Andresa Correa,Win,N/A,Medium Heavyweight,Female,Final
2016,2016 Brazilian National Jiu-Jitsu Championship,Tania Mabel Barreto,Loss,N/A,Medium Heavyweight,Female,Final
2016,2016 Brazilian National Jiu-Jitsu Championship,Luiza Montiero,Win,N/A,Middleweight,Female,Final
2016,2016 Brazilian National Jiu-Jitsu Championship,Barbara Gomes,Loss,N/A,Middleweight,Female,Final
2016,2016 Brazilian National Jiu-Jitsu Championship,Michelle Nicolini,Win,N/A,Featherweight,Female,Final
2016,2016 Brazilian National Jiu-Jitsu Championship,Andressa Souza,Loss,N/A,Featherweight,Female,Final
2016,2016 Brazilian National Jiu-Jitsu Championship,Rayanne Santos,Win,N/A,Light Featherweight,Female,Final
2016,2016 Brazilian National Jiu-Jitsu Championship,Anna Ardisson,Loss,N/A,Light Featherweight,Female,Final
2016,2016 Brazilian National Jiu-Jitsu Championship,Mackenzie Dern,Points,N/A,Absolute Division,Female,Semi-Finals
2016,2016 Brazilian National Jiu-Jitsu Championship,Fernanda Mazzelli,Loss,N/A,Absolute Division,Female,Semi-Finals
2016,2016 Brazilian National Jiu-Jitsu Championship,Mackenzie Dern,Submission,Choke From The Back,Absolute Division,Female,Quarter-Finals
2016,2016 Brazilian National Jiu-Jitsu Championship,Andresa Lidia,Loss,N/A,Absolute Division,Female,Quarter-Finals
2016,2016 European Jiu-Jitsu IBJJF Championship,Jackson Sousa,Points,N/A,Heavyweight,Male,Final
2016,2016 European Jiu-Jitsu IBJJF Championship,Felipe Bueno,Loss,N/A,Heavyweight,Male,Final
2016,2016 European Jiu-Jitsu IBJJF Championship,Yago de Souza,Points,N/A,Middleweight,Male,Final
2016,2016 European Jiu-Jitsu IBJJF Championship,Alan Finfou Nascimento,Loss,N/A,Middleweight,Male,Final
2016,2016 European Jiu-Jitsu IBJJF Championship,Marcio Andre,Decision,N/A,Featherweight,Male,Final
2016,2016 European Jiu-Jitsu IBJJF Championship,Paulo Miyao,Loss,N/A,Featherweight,Male,Final
2016,2016 European Jiu-Jitsu IBJJF Championship,Caio Terra,Advantage,N/A,Rooster Weight,Male,Final
2016,2016 European Jiu-Jitsu IBJJF Championship,Koji Shibamoto,Loss,N/A,Rooster Weight,Male,Final
2016,2016 European Jiu-Jitsu IBJJF Championship,Romulo Barral,Submission,Choke From The Back,Absolute Division,Male,Semi-Finals
2016,2016 European Jiu-Jitsu IBJJF Championship,Jackson Sousa,Loss,N/A,Absolute Division,Male,Semi-Finals
2016,2016 European Jiu-Jitsu IBJJF Championship,Felipe Pena,Submission,Choke From The Back,Absolute Division,Male,Semi-Finals
2016,2016 European Jiu-Jitsu IBJJF Championship,Erberth Santos,Loss,N/A,Absolute Division,Male,Semi-Finals
2016,2016 European Jiu-Jitsu IBJJF Championship,Erberth Santos,Points,N/A,Super Heavyweight,Male,Semi-Finals
2016,2016 European Jiu-Jitsu IBJJF Championship,Alexandro Ceconi,Loss,N/A,Super Heavyweight,Male,Semi-Finals
2016,2016 European Jiu-Jitsu IBJJF Championship,Felipe Bueno,Points,N/A,Heavyweight,Male,Semi-Finals
2016,2016 European Jiu-Jitsu IBJJF Championship,Nelton Pontes,Loss,N/A,Heavyweight,Male,Semi-Finals
2016,2016 European Jiu-Jitsu IBJJF Championship,Jackson Sousa,Points,N/A,Heavyweight,Male,Semi-Finals
2016,2016 European Jiu-Jitsu IBJJF Championship,Maksymilian Wiśniewski,Loss,N/A,Heavyweight,Male,Semi-Finals
2016,2016 European Jiu-Jitsu IBJJF Championship,Romulo Barral,Submission,Cross Choke,Medium Heavyweight,Male,Semi-Finals
2016,2016 European Jiu-Jitsu IBJJF Championship,Diogo Araujo,Loss,N/A,Medium Heavyweight,Male,Semi-Finals
2016,2016 European Jiu-Jitsu IBJJF Championship,Gabriel Arges,Decision,N/A,Medium Heavyweight,Male,Semi-Finals
2016,2016 European Jiu-Jitsu IBJJF Championship,Patrick Gaudio,Loss,N/A,Medium Heavyweight,Male,Semi-Finals
2016,2016 European Jiu-Jitsu IBJJF Championship,Alan Finfou Nascimento,Advantage,N/A,Middleweight,Male,Semi-Finals
2016,2016 European Jiu-Jitsu IBJJF Championship,Charles Negromonte,Loss,N/A,Middleweight,Male,Semi-Finals
2016,2016 European Jiu-Jitsu IBJJF Championship,Yago de Souza,Points,N/A,Middleweight,Male,Semi-Finals
2016,2016 European Jiu-Jitsu IBJJF Championship,Edurado Rios,Loss,N/A,Middleweight,Male,Semi-Finals
2016,2016 European Jiu-Jitsu IBJJF Championship,Alex Cabanes,Penalty,N/A,Lightweight,Male,Semi-Finals
2016,2016 European Jiu-Jitsu IBJJF Championship,Edwin Najmi,Loss,N/A,Lightweight,Male,Semi-Finals
2016,2016 European Jiu-Jitsu IBJJF Championship,Michael Liera Jr.,Submission,Choke From The Back,Lightweight,Male,Semi-Finals
2016,2016 European Jiu-Jitsu IBJJF Championship,Sam Gibson,Loss,N/A,Lightweight,Male,Semi-Finals
2016,2016 European Jiu-Jitsu IBJJF Championship,Paulo Miyao,Submission,Choke From The Back,Featherweight,Male,Semi-Finals
2016,2016 European Jiu-Jitsu IBJJF Championship,Brian Mahecha,Loss,N/A,Featherweight,Male,Semi-Finals
2016,2016 European Jiu-Jitsu IBJJF Championship,Marcio Andre,Points,N/A,Featherweight,Male,Semi-Finals
2016,2016 European Jiu-Jitsu IBJJF Championship,Italo Lins,Loss,N/A,Featherweight,Male,Semi-Finals
2016,2016 European Jiu-Jitsu IBJJF Championship,Joao Miyao,Submission,Choke From The Back,Light Featherweight,Male,Semi-Finals
2016,2016 European Jiu-Jitsu IBJJF Championship,Gabriel Willcox,Loss,N/A,Light Featherweight,Male,Semi-Finals
2016,2016 European Jiu-Jitsu IBJJF Championship,Hiago George,Submission,Armbar,Light Featherweight,Male,Semi-Finals
2016,2016 European Jiu-Jitsu IBJJF Championship,Luis Felipe Ninja Pinto,Loss,N/A,Light Featherweight,Male,Semi-Finals
2016,2016 European Jiu-Jitsu IBJJF Championship,Koji Shibamoto,Decision,N/A,Rooster Weight,Male,Semi-Finals
2016,2016 European Jiu-Jitsu IBJJF Championship,Rodnei Barbosa,Loss,N/A,Rooster Weight,Male,Semi-Finals
2016,2016 European Jiu-Jitsu IBJJF Championship,Erberth Santos,Win,N/A,Absolute Division,Male,Quarter-Finals
2016,2016 European Jiu-Jitsu IBJJF Championship,Marcio Andre,Loss,N/A,Absolute Division,Male,Quarter-Finals
2016,2016 European Jiu-Jitsu IBJJF Championship,Romulo Barral,Submission,Cross Choke,Absolute Division,Male,Quarter-Finals
2016,2016 European Jiu-Jitsu IBJJF Championship,Patrick Gaudio,Loss,N/A,Absolute Division,Male,Quarter-Finals
2016,2016 European Jiu-Jitsu IBJJF Championship,Felipe Pena,Submission,Choke From The Back,Absolute Division,Male,Quarter-Finals
2016,2016 European Jiu-Jitsu IBJJF Championship,Alan Finfou Nascimento,Loss,N/A,Absolute Division,Male,Quarter-Finals
2016,2016 European Jiu-Jitsu IBJJF Championship,Jackson Sousa,Points,N/A,Absolute Division,Male,Quarter-Finals
2016,2016 European Jiu-Jitsu IBJJF Championship,Kaue Damasceno,Loss,N/A,Absolute Division,Male,Quarter-Finals
2016,2016 European Jiu-Jitsu IBJJF Championship,Erberth Santos,Points,N/A,Super Heavyweight,Male,Quarter-Finals
2016,2016 European Jiu-Jitsu IBJJF Championship,Cassio Francis,Loss,N/A,Super Heavyweight,Male,Quarter-Finals
2016,2016 European Jiu-Jitsu IBJJF Championship,Nelton Pontes,Submission,Choke From The Back,Heavyweight,Male,Quarter-Finals
2016,2016 European Jiu-Jitsu IBJJF Championship,Helvecio Penna,Loss,N/A,Heavyweight,Male,Quarter-Finals
2016,2016 European Jiu-Jitsu IBJJF Championship,Jackson Sousa,Submission,Armbar,Heavyweight,Male,Quarter-Finals
2016,2016 European Jiu-Jitsu IBJJF Championship,Juha Leppanen,Loss,N/A,Heavyweight,Male,Quarter-Finals
2016,2016 European Jiu-Jitsu IBJJF Championship,Romulo Barral,Submission,Cross Choke,Medium Heavyweight,Male,Quarter-Finals
2016,2016 European Jiu-Jitsu IBJJF Championship,Josh Hinger,Loss,N/A,Medium Heavyweight,Male,Quarter-Finals
2016,2016 European Jiu-Jitsu IBJJF Championship,Patrick Gaudio,Points,N/A,Medium Heavyweight,Male,Quarter-Finals
2016,2016 European Jiu-Jitsu IBJJF Championship,Rodrigo Fajardo,Loss,N/A,Medium Heavyweight,Male,Quarter-Finals
2016,2016 European Jiu-Jitsu IBJJF Championship,Gabriel Arges,Points,N/A,Medium Heavyweight,Male,Quarter-Finals
2016,2016 European Jiu-Jitsu IBJJF Championship,Tero Pyylampi,Loss,N/A,Medium Heavyweight,Male,Quarter-Finals
2016,2016 European Jiu-Jitsu IBJJF Championship,Diogo Moreno,Submission,Choke From The Back,Medium Heavyweight,Male,Quarter-Finals
2016,2016 European Jiu-Jitsu IBJJF Championship,Max Carvalho,Loss,N/A,Medium Heavyweight,Male,Quarter-Finals
2016,2016 European Jiu-Jitsu IBJJF Championship,Charles Negromonte,Submission,Triangle,Middleweight,Male,Quarter-Finals
2016,2016 European Jiu-Jitsu IBJJF Championship,Vinicius de Castro,Loss,N/A,Middleweight,Male,Quarter-Finals
2016,2016 European Jiu-Jitsu IBJJF Championship,Alan Finfou Nascimento,Submission,Armbar,Middleweight,Male,Quarter-Finals
2016,2016 European Jiu-Jitsu IBJJF Championship,Jordi Lloveras,Loss,N/A,Middleweight,Male,Quarter-Finals
2016,2016 European Jiu-Jitsu IBJJF Championship,Yago de Souza,Points,N/A,Middleweight,Male,Quarter-Finals
2016,2016 European Jiu-Jitsu IBJJF Championship,Lucas Barbosa,Loss,N/A,Middleweight,Male,Quarter-Finals
2016,2016 European Jiu-Jitsu IBJJF Championship,Michael Liera Jr.,Submission,Triangle,Lightweight,Male,Quarter-Finals
2016,2016 European Jiu-Jitsu IBJJF Championship,Victor Genovesi,Loss,N/A,Lightweight,Male,Quarter-Finals
2016,2016 European Jiu-Jitsu IBJJF Championship,Edwin Najmi,Submission,Toehold,Lightweight,Male,Quarter-Finals
2016,2016 European Jiu-Jitsu IBJJF Championship,Kevin Mahecha,Loss,N/A,Lightweight,Male,Quarter-Finals
2016,2016 European Jiu-Jitsu IBJJF Championship,Brian Mahecha,Submission,Armbar,Featherweight,Male,Quarter-Finals
2016,2016 European Jiu-Jitsu IBJJF Championship,Tuomas Tammiletho,Loss,N/A,Featherweight,Male,Quarter-Finals
2016,2016 European Jiu-Jitsu IBJJF Championship,Paulo Miyao,Points,N/A,Featherweight,Male,Quarter-Finals
2016,2016 European Jiu-Jitsu IBJJF Championship,Masahiro Iwasaki,Loss,N/A,Featherweight,Male,Quarter-Finals
2016,2016 European Jiu-Jitsu IBJJF Championship,Marcio Andre,Points,N/A,Featherweight,Male,Quarter-Finals
2016,2016 European Jiu-Jitsu IBJJF Championship,Isaac Doederlein,Loss,N/A,Featherweight,Male,Quarter-Finals
2016,2016 European Jiu-Jitsu IBJJF Championship,Joao Miyao,Submission,Choke From The Back,Light Featherweight,Male,Quarter-Finals
2016,2016 European Jiu-Jitsu IBJJF Championship,Tsuyoshi Tamaki,Loss,N/A,Light Featherweight,Male,Quarter-Finals
2016,2016 European Jiu-Jitsu IBJJF Championship,Andresa Correa,Points,N/A,Absolute Division,Female,Final
2016,2016 European Jiu-Jitsu IBJJF Championship,Mackenzie Dern,Loss,N/A,Absolute Division,Female,Final
2016,2016 European Jiu-Jitsu IBJJF Championship,Mackenzie Dern,Submission,Toehold,Featherweight,Female,Final
2016,2016 European Jiu-Jitsu IBJJF Championship,Yasmine Wilson,Loss,N/A,Featherweight,Female,Final
2016,2016 European Jiu-Jitsu IBJJF Championship,Mackenzie Dern,Submission,Toehold,Absolute Division,Female,Semi-Finals
2016,2016 European Jiu-Jitsu IBJJF Championship,Olga Lyashevska,Loss,N/A,Absolute Division,Female,Semi-Finals
2016,2016 European Jiu-Jitsu IBJJF Championship,Mackenzie Dern,Submission,Omoplata,Absolute Division,Female,Quarter-Finals
2016,2016 European Jiu-Jitsu IBJJF Championship,Venla Luukkonen,Loss,N/A,Absolute Division,Female,Quarter-Finals
2017,IBJJF 2017 World Jiu-Jitsu Championship,Marcus Almeida “Buchecha”,Advantage,N/A,Absolute Division,Male,Final
2017,IBJJF 2017 World Jiu-Jitsu Championship,Leandro Lo,Loss,N/A,Absolute Division,Male,Final
2017,IBJJF 2017 World Jiu-Jitsu Championship,Marcus Almeida “Buchecha”,Submission,Brabo Choke,Ultra Heavyweight,Male,Final
2017,IBJJF 2017 World Jiu-Jitsu Championship,Gustavo Dias Elias,Loss,N/A,Ultra Heavyweight,Male,Final
2017,IBJJF 2017 World Jiu-Jitsu Championship,Erberth Santos,Points,N/A,Super Heavyweight,Male,Final
2017,IBJJF 2017 World Jiu-Jitsu Championship,Bernardo Faria,Loss,N/A,Super Heavyweight,Male,Final
2017,IBJJF 2017 World Jiu-Jitsu Championship,Nicholas Meregali,Points,N/A,Heavyweight,Male,Final
2017,IBJJF 2017 World Jiu-Jitsu Championship,Leandro Lo,Loss,N/A,Heavyweight,Male,Final
2017,IBJJF 2017 World Jiu-Jitsu Championship,Andre Galvao,Decision,N/A,Medium Heavyweight,Male,Final
2017,IBJJF 2017 World Jiu-Jitsu Championship,Patrick Gaudio,Loss,N/A,Medium Heavyweight,Male,Final
2017,IBJJF 2017 World Jiu-Jitsu Championship,Gabriel Arges,Submission,Choke From The Back,Middleweight,Male,Final
2017,IBJJF 2017 World Jiu-Jitsu Championship,Marcos Tinoco,Loss,N/A,Middleweight,Male,Final
2017,IBJJF 2017 World Jiu-Jitsu Championship,Lucas Lepri,Injury,N/A,Lightweight,Male,Final
2017,IBJJF 2017 World Jiu-Jitsu Championship,Roberto Satoshi,Loss,N/A,Lightweight,Male,Final
2017,IBJJF 2017 World Jiu-Jitsu Championship,Rubens Charles,Advantage,N/A,Featherweight,Male,Final
2017,IBJJF 2017 World Jiu-Jitsu Championship,Leo Saggioro,Loss,N/A,Featherweight,Male,Final
2017,IBJJF 2017 World Jiu-Jitsu Championship,Mikey Musumeci,Advantage,N/A,Light Featherweight,Male,Final
2017,IBJJF 2017 World Jiu-Jitsu Championship,Joao Miyao,Loss,N/A,Light Featherweight,Male,Final
2017,IBJJF 2017 World Jiu-Jitsu Championship,Bruno Malfacine,Advantage,N/A,Rooster Weight,Male,Final
2017,IBJJF 2017 World Jiu-Jitsu Championship,Caio Terra,Loss,N/A,Rooster Weight,Male,Final
2017,IBJJF 2017 World Jiu-Jitsu Championship,Marcus Almeida “Buchecha”,Points,N/A,Absolute Division,Male,Semi-Finals
2017,IBJJF 2017 World Jiu-Jitsu Championship,Erberth Santos,Loss,N/A,Absolute Division,Male,Semi-Finals
2017,IBJJF 2017 World Jiu-Jitsu Championship,Leandro Lo,Points,N/A,Absolute Division,Male,Semi-Finals
2017,IBJJF 2017 World Jiu-Jitsu Championship,Luiz Panza,Loss,N/A,Absolute Division,Male,Semi-Finals
2017,IBJJF 2017 World Jiu-Jitsu Championship,Marcus Almeida “Buchecha”,Submission,Ezekiel,Ultra Heavyweight,Male,Semi-Finals
2017,IBJJF 2017 World Jiu-Jitsu Championship,Joao Gabriel Rocha,Loss,N/A,Ultra Heavyweight,Male,Semi-Finals
2017,IBJJF 2017 World Jiu-Jitsu Championship,Gustavo Elias,Points,N/A,Ultra Heavyweight,Male,Semi-Finals
2017,IBJJF 2017 World Jiu-Jitsu Championship,Otavio Nalati,Loss,N/A,Ultra Heavyweight,Male,Semi-Finals
2017,IBJJF 2017 World Jiu-Jitsu Championship,Erberth Santos,Points,N/A,Super Heavyweight,Male,Semi-Finals
2017,IBJJF 2017 World Jiu-Jitsu Championship,Mahamed Aly,Loss,N/A,Super Heavyweight,Male,Semi-Finals
2017,IBJJF 2017 World Jiu-Jitsu Championship,Bernardo Faria,Advantage,N/A,Super Heavyweight,Male,Semi-Finals
2017,IBJJF 2017 World Jiu-Jitsu Championship,Luiz Panza,Loss,N/A,Super Heavyweight,Male,Semi-Finals
2017,IBJJF 2017 World Jiu-Jitsu Championship,Nicholas Meregali,Submission,Triangle,Heavyweight,Male,Semi-Finals
2017,IBJJF 2017 World Jiu-Jitsu Championship,Dimitrius Souza,Loss,N/A,Heavyweight,Male,Semi-Finals
2017,IBJJF 2017 World Jiu-Jitsu Championship,Leandro Lo,Points,N/A,Heavyweight,Male,Semi-Finals
2017,IBJJF 2017 World Jiu-Jitsu Championship,Guilherme Augusto,Loss,N/A,Heavyweight,Male,Semi-Finals
2017,IBJJF 2017 World Jiu-Jitsu Championship,Patrick Gaudio,Decision,N/A,Medium Heavyweight,Male,Semi-Finals
2017,IBJJF 2017 World Jiu-Jitsu Championship,Romulo Barral,Loss,N/A,Medium Heavyweight,Male,Semi-Finals
2017,IBJJF 2017 World Jiu-Jitsu Championship,Andre Galvao,Points,N/A,Medium Heavyweight,Male,Semi-Finals
2017,IBJJF 2017 World Jiu-Jitsu Championship,Felipe Pena,Loss,N/A,Medium Heavyweight,Male,Semi-Finals
2017,IBJJF 2017 World Jiu-Jitsu Championship,Marcos Tinoco,Points,N/A,Middleweight,Male,Semi-Finals
2017,IBJJF 2017 World Jiu-Jitsu Championship,Otavio Sousa,Loss,N/A,Middleweight,Male,Semi-Finals
2017,IBJJF 2017 World Jiu-Jitsu Championship,Gabriel Arges,Decision,N/A,Middleweight,Male,Semi-Finals
2017,IBJJF 2017 World Jiu-Jitsu Championship,Jaime Canuto,Loss,N/A,Middleweight,Male,Semi-Finals
2017,IBJJF 2017 World Jiu-Jitsu Championship,Lucas Lepri,Points,N/A,Lightweight,Male,Semi-Finals
2017,IBJJF 2017 World Jiu-Jitsu Championship,Yan Lucas,Loss,N/A,Lightweight,Male,Semi-Finals
2017,IBJJF 2017 World Jiu-Jitsu Championship,Roberto Satoshi,Points,N/A,Lightweight,Male,Semi-Finals
2017,IBJJF 2017 World Jiu-Jitsu Championship,Jhonny Loureiro,Loss,N/A,Lightweight,Male,Semi-Finals
2017,IBJJF 2017 World Jiu-Jitsu Championship,Leo Saggioro,Decision,N/A,Featherweight,Male,Semi-Finals
2017,IBJJF 2017 World Jiu-Jitsu Championship,Gianni Grippo,Loss,N/A,Featherweight,Male,Semi-Finals
2017,IBJJF 2017 World Jiu-Jitsu Championship,Rubens Charles,Decision,N/A,Featherweight,Male,Semi-Finals
2017,IBJJF 2017 World Jiu-Jitsu Championship,Shane Jamil Hill-Taylor,Loss,N/A,Featherweight,Male,Semi-Finals
2017,IBJJF 2017 World Jiu-Jitsu Championship,Joao Miyao,Points,N/A,Light Featherweight,Male,Semi-Finals
2017,IBJJF 2017 World Jiu-Jitsu Championship,Gabriel Moraes,Loss,N/A,Light Featherweight,Male,Semi-Finals
2017,IBJJF 2017 World Jiu-Jitsu Championship,Mikey Musumeci,Advantage,N/A,Light Featherweight,Male,Semi-Finals
2017,IBJJF 2017 World Jiu-Jitsu Championship,Ary Farias,Loss,N/A,Light Featherweight,Male,Semi-Finals
2017,IBJJF 2017 World Jiu-Jitsu Championship,Bruno Malfacine,Submission,Armbar,Rooster Weight,Male,Semi-Finals
2017,IBJJF 2017 World Jiu-Jitsu Championship,Tomoyuki Hashimoto,Loss,N/A,Rooster Weight,Male,Semi-Finals
2017,IBJJF 2017 World Jiu-Jitsu Championship,Caio Terra,Submission,Toehold,Rooster Weight,Male,Semi-Finals
2017,IBJJF 2017 World Jiu-Jitsu Championship,Lucas Pinheiro,Loss,N/A,Rooster Weight,Male,Semi-Finals
2017,IBJJF 2017 World Jiu-Jitsu Championship,Andre Galvao,Advantage,N/A,Absolute Division,Male,Quarter-Finals
2017,IBJJF 2017 World Jiu-Jitsu Championship,Alexandre Ribeiro,Loss,N/A,Absolute Division,Male,Quarter-Finals
2017,IBJJF 2017 World Jiu-Jitsu Championship,Erberth Santos,Points,N/A,Absolute Division,Male,Quarter-Finals
2017,IBJJF 2017 World Jiu-Jitsu Championship,Tanner Rice,Loss,N/A,Absolute Division,Male,Quarter-Finals
2017,IBJJF 2017 World Jiu-Jitsu Championship,Leandro Lo,Points,N/A,Absolute Division,Male,Quarter-Finals
2017,IBJJF 2017 World Jiu-Jitsu Championship,Joao Gabriel Rocha,Loss,N/A,Absolute Division,Male,Quarter-Finals
2017,IBJJF 2017 World Jiu-Jitsu Championship,Luiz Panza,Advantage,N/A,Absolute Division,Male,Quarter-Finals
2017,IBJJF 2017 World Jiu-Jitsu Championship,Bernardo Faria,Loss,N/A,Absolute Division,Male,Quarter-Finals
2017,IBJJF 2017 World Jiu-Jitsu Championship,Marcus Almeida “Buchecha”,Submission,Choke,Absolute Division,Male,Quarter-Finals
2017,IBJJF 2017 World Jiu-Jitsu Championship,Mahamed Aly,Loss,N/A,Absolute Division,Male,Quarter-Finals
2017,IBJJF 2017 World Jiu-Jitsu Championship,Otavio Nalati,Advantage,N/A,Ultra Heavyweight,Male,Quarter-Finals
2017,IBJJF 2017 World Jiu-Jitsu Championship,Rodrigo Cavaca,Loss,N/A,Ultra Heavyweight,Male,Quarter-Finals
2017,IBJJF 2017 World Jiu-Jitsu Championship,Gustavo Elias,Advantage,N/A,Ultra Heavyweight,Male,Quarter-Finals
2017,IBJJF 2017 World Jiu-Jitsu Championship,Gabriel Lucas,Loss,N/A,Ultra Heavyweight,Male,Quarter-Finals
2017,IBJJF 2017 World Jiu-Jitsu Championship,Joao Gabriel Rocha,Points,N/A,Ultra Heavyweight,Male,Quarter-Finals
2017,IBJJF 2017 World Jiu-Jitsu Championship,James Puopolo,Loss,N/A,Ultra Heavyweight,Male,Quarter-Finals
2017,IBJJF 2017 World Jiu-Jitsu Championship,Marcus Almeida “Buchecha”,Points,N/A,Ultra Heavyweight,Male,Quarter-Finals
2017,IBJJF 2017 World Jiu-Jitsu Championship,Igor Schneider,Loss,N/A,Ultra Heavyweight,Male,Quarter-Finals
2017,IBJJF 2017 World Jiu-Jitsu Championship,Erberth Santos,Win,N/A,Super Heavyweight,Male,Quarter-Finals
2017,IBJJF 2017 World Jiu-Jitsu Championship,Fernando Reis,Loss,N/A,Super Heavyweight,Male,Quarter-Finals
2017,IBJJF 2017 World Jiu-Jitsu Championship,Tayane Porfirio,Submission,Americana,Absolute Division,Female,Final
2017,IBJJF 2017 World Jiu-Jitsu Championship,Nathiely De Jesus,Loss,N/A,Absolute Division,Female,Final
2017,IBJJF 2017 World Jiu-Jitsu Championship,Tayane Porfirio,Win,N/A,Super Heavyweight,Female,Final
2017,IBJJF 2017 World Jiu-Jitsu Championship,Venla Luukkonen,Loss,N/A,Super Heavyweight,Female,Final
2017,IBJJF 2017 World Jiu-Jitsu Championship,Claudia Do Val,Advantage,N/A,Heavyweight,Female,Final
2017,IBJJF 2017 World Jiu-Jitsu Championship,Talita Nogueira,Loss,N/A,Heavyweight,Female,Final
2017,IBJJF 2017 World Jiu-Jitsu Championship,Nathiely De Jesus,Submission,Choke,Medium Heavyweight,Female,Final
2017,IBJJF 2017 World Jiu-Jitsu Championship,Andresa Correa,Loss,N/A,Medium Heavyweight,Female,Final
2017,IBJJF 2017 World Jiu-Jitsu Championship,Ana Carolina Vieira,Points,N/A,Middleweight,Female,Final
2017,IBJJF 2017 World Jiu-Jitsu Championship,Monique Elias,Loss,N/A,Middleweight,Female,Final
2017,IBJJF 2017 World Jiu-Jitsu Championship,Luiza Montiero,DQ,N/A,Lightweight,Female,Final
2017,IBJJF 2017 World Jiu-Jitsu Championship,Beatriz Mesquita,Loss,N/A,Lightweight,Female,Final
2017,IBJJF 2017 World Jiu-Jitsu Championship,Talita Alencar,Points,N/A,Light Featherweight,Female,Final
2017,IBJJF 2017 World Jiu-Jitsu Championship,Gezary Matuda,Loss,N/A,Light Featherweight,Female,Final
2017,IBJJF 2017 World Jiu-Jitsu Championship,Rikako Yuasa,Submission,Choke From The Back,Rooster Weight,Female,Final
2017,IBJJF 2017 World Jiu-Jitsu Championship,Rayanne Santos,Loss,N/A,Rooster Weight,Female,Final
2017,IBJJF 2017 World Jiu-Jitsu Championship,Ana Carolina Schmitt,Advantage,N/A,Featherweight,Female,Quarter-Finals
2017,IBJJF 2017 World Jiu-Jitsu Championship,Bianca Basilio,Loss,N/A,Featherweight,Female,Quarter-Finals
2017,IBJJF 2017 Pan Jiu-Jitsu Championship,Leandro Lo,Submission,Toehold,Absolute Division,Male,Final
2017,IBJJF 2017 Pan Jiu-Jitsu Championship,Joao Gabriel Rocha,Loss,N/A,Absolute Division,Male,Final
2017,IBJJF 2017 Pan Jiu-Jitsu Championship,Joao Gabriel Rocha,Submission,Choke From The Back,Ultra Heavyweight,Male,Final
2017,IBJJF 2017 Pan Jiu-Jitsu Championship,Gustavo Dias Elias,Loss,N/A,Ultra Heavyweight,Male,Final
2017,IBJJF 2017 Pan Jiu-Jitsu Championship,Erberth Santos,Points,N/A,Super Heavyweight,Male,Final
2017,IBJJF 2017 Pan Jiu-Jitsu Championship,Rodrigo Cavaca,Loss,N/A,Super Heavyweight,Male,Final
2017,IBJJF 2017 Pan Jiu-Jitsu Championship,Leandro Lo,Points,N/A,Heavyweight,Male,Final
2017,IBJJF 2017 Pan Jiu-Jitsu Championship,Tanner Rice,Loss,N/A,Heavyweight,Male,Final
2017,IBJJF 2017 Pan Jiu-Jitsu Championship,Patrick Gaudio,Points,N/A,Medium Heavyweight,Male,Final
2017,IBJJF 2017 Pan Jiu-Jitsu Championship,Lucas Barbosa,Points,N/A,Medium Heavyweight,Male,Final
2017,IBJJF 2017 Pan Jiu-Jitsu Championship,Otavio Sousa,Submission,Flying Triangle,Middleweight,Male,Final
2017,IBJJF 2017 Pan Jiu-Jitsu Championship,Isaque Bahiense,Loss,N/A,Middleweight,Male,Final
2017,IBJJF 2017 Pan Jiu-Jitsu Championship,Lucas Lepri,Points,N/A,Lightweight,Male,Final
2017,IBJJF 2017 Pan Jiu-Jitsu Championship,Marcio Andre,Loss,N/A,Lightweight,Male,Final
2017,IBJJF 2017 Pan Jiu-Jitsu Championship,Rubens Charles,Points,N/A,Featherweight,Male,Final
2017,IBJJF 2017 Pan Jiu-Jitsu Championship,Osvaldo Queixinho Moizinho,Loss,N/A,Featherweight,Male,Final
2017,IBJJF 2017 Pan Jiu-Jitsu Championship,Bruno Malfacine,Points,N/A,Rooster Weight,Male,Final
2017,IBJJF 2017 Pan Jiu-Jitsu Championship,Lucas Pinheiro,Loss,N/A,Rooster Weight,Male,Final
2017,IBJJF 2017 Pan Jiu-Jitsu Championship,Leandro Lo,Points,N/A,Absolute Division,Male,Semi-Finals
2017,IBJJF 2017 Pan Jiu-Jitsu Championship,Nicholas Meregali,Loss,N/A,Absolute Division,Male,Semi-Finals
2017,IBJJF 2017 Pan Jiu-Jitsu Championship,Joao Gabriel Rocha,Submission,Choke From Mount,Absolute Division,Male,Semi-Finals
2017,IBJJF 2017 Pan Jiu-Jitsu Championship,Erberth Santos,Loss,N/A,Absolute Division,Male,Semi-Finals
2017,IBJJF 2017 Pan Jiu-Jitsu Championship,Erberth Santos,Decision,N/A,Super Heavyweight,Male,Semi-Finals
2017,IBJJF 2017 Pan Jiu-Jitsu Championship,Mahamed Aly,Loss,N/A,Super Heavyweight,Male,Semi-Finals
2017,IBJJF 2017 Pan Jiu-Jitsu Championship,Rodrigo Cavaca,Points,N/A,Super Heavyweight,Male,Semi-Finals
2017,IBJJF 2017 Pan Jiu-Jitsu Championship,Paul Ardila-Ibarra,Loss,N/A,Super Heavyweight,Male,Semi-Finals
2017,IBJJF 2017 Pan Jiu-Jitsu Championship,Tanner Rice,Decision,N/A,Heavyweight,Male,Semi-Finals
2017,IBJJF 2017 Pan Jiu-Jitsu Championship,Dimitrius Souza,Loss,N/A,Heavyweight,Male,Semi-Finals
2017,IBJJF 2017 Pan Jiu-Jitsu Championship,Leandro Lo,Points,N/A,Heavyweight,Male,Semi-Finals
2017,IBJJF 2017 Pan Jiu-Jitsu Championship,Matheus Diniz,Loss,N/A,Heavyweight,Male,Semi-Finals
2017,IBJJF 2017 Pan Jiu-Jitsu Championship,Lucas Barbosa,Advantage,N/A,Medium Heavyweight,Male,Semi-Finals
2017,IBJJF 2017 Pan Jiu-Jitsu Championship,Rodrigo Fajardo,Loss,N/A,Medium Heavyweight,Male,Semi-Finals
2017,IBJJF 2017 Pan Jiu-Jitsu Championship,Patrick Gaudio,Points,N/A,Medium Heavyweight,Male,Semi-Finals
2017,IBJJF 2017 Pan Jiu-Jitsu Championship,Renato Cardoso,Points,N/A,Medium Heavyweight,Male,Semi-Finals
2017,IBJJF 2017 Pan Jiu-Jitsu Championship,Isaque Bahiense,Points,N/A,Middleweight,Male,Semi-Finals
2017,IBJJF 2017 Pan Jiu-Jitsu Championship,Romulo Barral,Loss,N/A,Middleweight,Male,Semi-Finals
2017,IBJJF 2017 Pan Jiu-Jitsu Championship,Otavio Sousa,Advantage,N/A,Middleweight,Male,Semi-Finals
2017,IBJJF 2017 Pan Jiu-Jitsu Championship,Vitor Oliveira,Loss,N/A,Middleweight,Male,Semi-Finals
2017,IBJJF 2017 Pan Jiu-Jitsu Championship,Marcio Andre,Points,N/A,Lightweight,Male,Semi-Finals
2017,IBJJF 2017 Pan Jiu-Jitsu Championship,Renato Canuto,Loss,N/A,Lightweight,Male,Semi-Finals
2017,IBJJF 2017 Pan Jiu-Jitsu Championship,Lucas Lepri,Points,N/A,Lightweight,Male,Semi-Finals
2017,IBJJF 2017 Pan Jiu-Jitsu Championship,Michael Liera Jr.,Loss,N/A,Lightweight,Male,Semi-Finals
2017,IBJJF 2017 Pan Jiu-Jitsu Championship,Osvaldo Queixinho Moizinho,Decision,N/A,Featherweight,Male,Semi-Finals
2017,IBJJF 2017 Pan Jiu-Jitsu Championship,Shane Jamil Hill-Taylor,Loss,N/A,Featherweight,Male,Semi-Finals
2017,IBJJF 2017 Pan Jiu-Jitsu Championship,Joao Miyao,Points,N/A,Light Featherweight,Male,Semi-Finals
2017,IBJJF 2017 Pan Jiu-Jitsu Championship,Samir Chantre,Loss,N/A,Light Featherweight,Male,Semi-Finals
2017,IBJJF 2017 Pan Jiu-Jitsu Championship,José Tiago Barros,Points,N/A,Light Featherweight,Male,Semi-Finals
2017,IBJJF 2017 Pan Jiu-Jitsu Championship,Cleber Sousa,Loss,N/A,Light Featherweight,Male,Semi-Finals
2017,IBJJF 2017 Pan Jiu-Jitsu Championship,Lucas Pinheiro,Points,N/A,Rooster Weight,Male,Semi-Finals
2017,IBJJF 2017 Pan Jiu-Jitsu Championship,Jose Carlos Lima,Loss,N/A,Rooster Weight,Male,Semi-Finals
2017,IBJJF 2017 Pan Jiu-Jitsu Championship,Bruno Malfacine,Win,N/A,Rooster Weight,Male,Semi-Finals
2017,IBJJF 2017 Pan Jiu-Jitsu Championship,Eduardo Barboza,Loss,N/A,Rooster Weight,Male,Semi-Finals
2017,IBJJF 2017 Pan Jiu-Jitsu Championship,Erberth Santos,Points,N/A,Absolute Division,Male,Quarter-Finals
2017,IBJJF 2017 Pan Jiu-Jitsu Championship,Ricardo Evangelista,Loss,N/A,Absolute Division,Male,Quarter-Finals
2017,IBJJF 2017 Pan Jiu-Jitsu Championship,Nicholas Meregali,Submission,Choke From The Back,Absolute Division,Male,Quarter-Finals
2017,IBJJF 2017 Pan Jiu-Jitsu Championship,Mahamed Aly,Loss,N/A,Absolute Division,Male,Quarter-Finals
2017,IBJJF 2017 Pan Jiu-Jitsu Championship,Leandro Lo,Points,N/A,Absolute Division,Male,Quarter-Finals
2017,IBJJF 2017 Pan Jiu-Jitsu Championship,Dany Gerard,Loss,N/A,Absolute Division,Male,Quarter-Finals
2017,IBJJF 2017 Pan Jiu-Jitsu Championship,Joao Gabriel Rocha,Points,N/A,Absolute Division,Male,Quarter-Finals
2017,IBJJF 2017 Pan Jiu-Jitsu Championship,Lucas Lepri,Loss,N/A,Absolute Division,Male,Quarter-Finals
2017,IBJJF 2017 Pan Jiu-Jitsu Championship,Alexander Trans,Points,N/A,Ultra Heavyweight,Male,Quarter-Finals
2017,IBJJF 2017 Pan Jiu-Jitsu Championship,Otavio Nalati,Loss,N/A,Ultra Heavyweight,Male,Quarter-Finals
2017,IBJJF 2017 Pan Jiu-Jitsu Championship,Admilson Gobi,Submission,Triangle,Ultra Heavyweight,Male,Quarter-Finals
2017,IBJJF 2017 Pan Jiu-Jitsu Championship,Ricardo Evangelista,Loss,N/A,Ultra Heavyweight,Male,Quarter-Finals
2017,IBJJF 2017 Pan Jiu-Jitsu Championship,Erberth Santos,Points,N/A,Super Heavyweight,Male,Quarter-Finals
2017,IBJJF 2017 Pan Jiu-Jitsu Championship,Eliot Kelly,Loss,N/A,Super Heavyweight,Male,Quarter-Finals
2017,IBJJF 2017 Pan Jiu-Jitsu Championship,Rodrigo Cavaca,Advantage,N/A,Super Heavyweight,Male,Quarter-Finals
2017,IBJJF 2017 Pan Jiu-Jitsu Championship,Dany Gerard,Loss,N/A,Super Heavyweight,Male,Quarter-Finals
2017,IBJJF 2017 Pan Jiu-Jitsu Championship,Mahamed Aly,Points,N/A,Super Heavyweight,Male,Quarter-Finals
2017,IBJJF 2017 Pan Jiu-Jitsu Championship,Eduardo Inojosa,Loss,N/A,Super Heavyweight,Male,Quarter-Finals
2017,IBJJF 2017 Pan Jiu-Jitsu Championship,Dany Gerard,Decision,N/A,Super Heavyweight,Male,Quarter-Finals
2017,IBJJF 2017 Pan Jiu-Jitsu Championship,Felipe Bezerra,Loss,N/A,Super Heavyweight,Male,Quarter-Finals
2017,IBJJF 2017 Pan Jiu-Jitsu Championship,Dimitrius Souza,Submission,Armbar,Heavyweight,Male,Quarter-Finals
2017,IBJJF 2017 Pan Jiu-Jitsu Championship,Joshua Lee bowlin,Loss,N/A,Heavyweight,Male,Quarter-Finals
2017,IBJJF 2017 Pan Jiu-Jitsu Championship,Leandro Lo,Points,N/A,Heavyweight,Male,Quarter-Finals
2017,IBJJF 2017 Pan Jiu-Jitsu Championship,Nicholas Meregali,Loss,N/A,Heavyweight,Male,Quarter-Finals
2017,IBJJF 2017 Pan Jiu-Jitsu Championship,Tanner Rice,Submission,Armbar,Heavyweight,Male,Quarter-Finals
2017,IBJJF 2017 Pan Jiu-Jitsu Championship,Antonio Antonioli,Loss,N/A,Heavyweight,Male,Quarter-Finals
2017,IBJJF 2017 Pan Jiu-Jitsu Championship,Matheus Diniz,Points,N/A,Heavyweight,Male,Quarter-Finals
2017,IBJJF 2017 Pan Jiu-Jitsu Championship,Nick Schrock,Loss,N/A,Heavyweight,Male,Quarter-Finals
2017,IBJJF 2017 Pan Jiu-Jitsu Championship,Tayane Porfirio,Points,N/A,Absolute Division,Female,Final
2017,IBJJF 2017 Pan Jiu-Jitsu Championship,Jessica Flowers,Loss,N/A,Absolute Division,Female,Final
2017,IBJJF 2017 Pan Jiu-Jitsu Championship,Jessica Flowers,Submission,Triangle Arm Bar,Medium Heavyweight,Female,Final
2017,IBJJF 2017 Pan Jiu-Jitsu Championship,Andresa Correa,Loss,N/A,Medium Heavyweight,Female,Final
2017,IBJJF 2017 Pan Jiu-Jitsu Championship,Monique Elias,Points,N/A,Middleweight,Female,Final
2017,IBJJF 2017 Pan Jiu-Jitsu Championship,Claudia Do Val,Loss,N/A,Middleweight,Female,Final
2017,IBJJF 2017 Pan Jiu-Jitsu Championship,Tammi Musumeci,Advantage,N/A,Lightweight,Female,Final
2017,IBJJF 2017 Pan Jiu-Jitsu Championship,Beatriz Mesquita,Loss,N/A,Lightweight,Female,Final
2017,IBJJF 2017 Pan Jiu-Jitsu Championship,Bianca Basilio,Points,N/A,Featherweight,Female,Final
2017,IBJJF 2017 Pan Jiu-Jitsu Championship,Emily Thylin,Loss,N/A,Featherweight,Female,Final
2017,IBJJF 2017 Pan Jiu-Jitsu Championship,Talita Alencar,Advantage,N/A,Light Featherweight,Female,Final
2017,IBJJF 2017 Pan Jiu-Jitsu Championship,Kristina Baarlan,Loss,N/A,Light Featherweight,Female,Final
2017,IBJJF 2017 Pan Jiu-Jitsu Championship,Jessica Flowers,Submission,Armlock,Absolute Division,Female,Semi-Finals
2017,IBJJF 2017 Pan Jiu-Jitsu Championship,Andresa Correa,Loss,N/A,Absolute Division,Female,Semi-Finals
2017,IBJJF 2017 Pan Jiu-Jitsu Championship,Tayane Porfirio,Points,N/A,Absolute Division,Female,Semi-Finals
2017,IBJJF 2017 Pan Jiu-Jitsu Championship,Beatriz Mesquita,Loss,N/A,Absolute Division,Female,Semi-Finals
2017,IBJJF 2017 Pan Jiu-Jitsu Championship,Bianca Basilio,Points,N/A,Featherweight,Female,Semi-Finals
2017,IBJJF 2017 Pan Jiu-Jitsu Championship,Ana Carolina Schmitt,Loss,N/A,Featherweight,Female,Semi-Finals
2017,IBJJF 2017 Pan Jiu-Jitsu Championship,Tayane Porfirio,Points,N/A,Absolute Division,Female,Quarter-Finals
2017,IBJJF 2017 Pan Jiu-Jitsu Championship,Bianca Basilio,Loss,N/A,Absolute Division,Female,Quarter-Finals
2017,IBJJF 2017 Pan Jiu-Jitsu Championship,Andresa Correa,Points,N/A,Absolute Division,Female,Quarter-Finals
2017,IBJJF 2017 Pan Jiu-Jitsu Championship,Ida Floisvik,Loss,N/A,Absolute Division,Female,Quarter-Finals
2017,IBJJF 2017 Pan Jiu-Jitsu Championship,Jessica Flowers,Submission,Armlock,Absolute Division,Female,Quarter-Finals
2017,IBJJF 2017 Pan Jiu-Jitsu Championship,Samela Leite,Loss,N/A,Absolute Division,Female,Quarter-Finals
2017,2017 Brazilian National Jiu-Jitsu Championship,Leandro Lo,Points,N/A,Absolute Division,Male,Final
2017,2017 Brazilian National Jiu-Jitsu Championship,Erberth Santos,Loss,N/A,Absolute Division,Male,Final
2017,2017 Brazilian National Jiu-Jitsu Championship,Leandro Lo,Points,N/A,Super Heavyweight,Male,Final
2017,2017 Brazilian National Jiu-Jitsu Championship,Erberth Santos,Loss,N/A,Super Heavyweight,Male,Final
2017,2017 Brazilian National Jiu-Jitsu Championship,Victor Honorio,Decision,N/A,Super Heavyweight,Male,Final
2017,2017 Brazilian National Jiu-Jitsu Championship,Igor Schneider,Loss,N/A,Super Heavyweight,Male,Final
2017,2017 Brazilian National Jiu-Jitsu Championship,Patrick Gaudio,Advantage,N/A,Medium Heavyweight,Male,Final
2017,2017 Brazilian National Jiu-Jitsu Championship,Renato Cardoso,Loss,N/A,Medium Heavyweight,Male,Final
2017,2017 Brazilian National Jiu-Jitsu Championship,Jaime Canuto,Points,N/A,Middleweight,Male,Final
2017,2017 Brazilian National Jiu-Jitsu Championship,Otavio Sousa,Loss,N/A,Middleweight,Male,Final
2017,2017 Brazilian National Jiu-Jitsu Championship,Michael Langhi,Points,N/A,Lightweight,Male,Final
2017,2017 Brazilian National Jiu-Jitsu Championship,Gabriel Rollo,Loss,N/A,Lightweight,Male,Final
2017,2017 Brazilian National Jiu-Jitsu Championship,Rubens Charles,Points,N/A,Featherweight,Male,Final
2017,2017 Brazilian National Jiu-Jitsu Championship,Rafael Mansur,Loss,N/A,Featherweight,Male,Final
2017,2017 Brazilian National Jiu-Jitsu Championship,Leandro Lo,Points,N/A,Absolute Division,Male,Semi-Finals
2017,2017 Brazilian National Jiu-Jitsu Championship,Renato Cardoso,Loss,N/A,Absolute Division,Male,Semi-Finals
2017,2017 Brazilian National Jiu-Jitsu Championship,Erberth Santos,Points,N/A,Absolute Division,Male,Semi-Finals
2017,2017 Brazilian National Jiu-Jitsu Championship,Victor Honorio,Loss,N/A,Absolute Division,Male,Semi-Finals
2017,2017 Brazilian National Jiu-Jitsu Championship,Igor Schneider,Points,N/A,Super Heavyweight,Male,Semi-Finals
2017,2017 Brazilian National Jiu-Jitsu Championship,Herico Hesley,Loss,N/A,Super Heavyweight,Male,Semi-Finals
2017,2017 Brazilian National Jiu-Jitsu Championship,Erberth Santos,Points,N/A,Super Heavyweight,Male,Semi-Finals
2017,2017 Brazilian National Jiu-Jitsu Championship,Rodrigo Cavaca,Loss,N/A,Super Heavyweight,Male,Semi-Finals
2017,2017 Brazilian National Jiu-Jitsu Championship,Leandro Lo,Points,N/A,Super Heavyweight,Male,Semi-Finals
2017,2017 Brazilian National Jiu-Jitsu Championship,Fernando Reis,Loss,N/A,Super Heavyweight,Male,Semi-Finals
2017,2017 Brazilian National Jiu-Jitsu Championship,Victor Honorio,Submission,Choke,Super Heavyweight,Male,Semi-Finals
2017,2017 Brazilian National Jiu-Jitsu Championship,Kitner Moura,Loss,N/A,Super Heavyweight,Male,Semi-Finals
2017,2017 Brazilian National Jiu-Jitsu Championship,Dimitrius Souza,Win,N/A,Heavyweight,Male,Semi-Finals
2017,2017 Brazilian National Jiu-Jitsu Championship,Marcus Ruiz,Loss,N/A,Heavyweight,Male,Semi-Finals
2017,2017 Brazilian National Jiu-Jitsu Championship,Guilherme Augusto,Submission,Kimura,Heavyweight,Male,Semi-Finals
2017,2017 Brazilian National Jiu-Jitsu Championship,"Marcos Alves, Jr.",Loss,N/A,Heavyweight,Male,Semi-Finals
2017,2017 Brazilian National Jiu-Jitsu Championship,Patrick Gaudio,Points,N/A,Medium Heavyweight,Male,Semi-Finals
2017,2017 Brazilian National Jiu-Jitsu Championship,Rodrigo Fajardo,Loss,N/A,Medium Heavyweight,Male,Semi-Finals
2017,2017 Brazilian National Jiu-Jitsu Championship,Renato Cardoso,Points,N/A,Medium Heavyweight,Male,Semi-Finals
2017,2017 Brazilian National Jiu-Jitsu Championship,Horlando Montiero,Loss,N/A,Medium Heavyweight,Male,Semi-Finals
2017,2017 Brazilian National Jiu-Jitsu Championship,Jaime Canuto,Points,N/A,Middleweight,Male,Semi-Finals
2017,2017 Brazilian National Jiu-Jitsu Championship,Sandro Vieira,Loss,N/A,Middleweight,Male,Semi-Finals
2017,2017 Brazilian National Jiu-Jitsu Championship,Otavio Sousa,Win,N/A,Middleweight,Male,Semi-Finals
2017,2017 Brazilian National Jiu-Jitsu Championship,Luan Carvalho,Loss,N/A,Middleweight,Male,Semi-Finals
2017,2017 Brazilian National Jiu-Jitsu Championship,Michael Langhi,DQ,N/A,Lightweight,Male,Semi-Finals
2017,2017 Brazilian National Jiu-Jitsu Championship,Matheus Costa,Loss,N/A,Lightweight,Male,Semi-Finals
2017,2017 Brazilian National Jiu-Jitsu Championship,Gabriel Rollo,Submission,Ezekiel,Lightweight,Male,Semi-Finals
2017,2017 Brazilian National Jiu-Jitsu Championship,Jose Carlos Sousa,Loss,N/A,Lightweight,Male,Semi-Finals
2017,2017 Brazilian National Jiu-Jitsu Championship,Rafael Mansur,Points,N/A,Featherweight,Male,Semi-Finals
2017,2017 Brazilian National Jiu-Jitsu Championship,Isaque Paiva,Loss,N/A,Featherweight,Male,Semi-Finals
2017,2017 Brazilian National Jiu-Jitsu Championship,Rubens Charles,Win,N/A,Featherweight,Male,Semi-Finals
2017,2017 Brazilian National Jiu-Jitsu Championship,Kim Terra,Loss,N/A,Featherweight,Male,Semi-Finals
2017,2017 Brazilian National Jiu-Jitsu Championship,Cleber Sousa,Decision,N/A,Light Featherweight,Male,Semi-Finals
2017,2017 Brazilian National Jiu-Jitsu Championship,Hiago George,Loss,N/A,Light Featherweight,Male,Semi-Finals
2017,2017 Brazilian National Jiu-Jitsu Championship,Aniel Bonifacio,Points,N/A,Rooster Weight,Male,Semi-Finals
2017,2017 Brazilian National Jiu-Jitsu Championship,Raul Gomes,Loss,N/A,Rooster Weight,Male,Semi-Finals
2017,2017 Brazilian National Jiu-Jitsu Championship,Leandro Lo,Points,N/A,Absolute Division,Male,Quarter-Finals
2017,2017 Brazilian National Jiu-Jitsu Championship,Otavio Nalati,Loss,N/A,Absolute Division,Male,Quarter-Finals
2017,2017 Brazilian National Jiu-Jitsu Championship,Victor Honorio,Decision,N/A,Absolute Division,Male,Quarter-Finals
2017,2017 Brazilian National Jiu-Jitsu Championship,Dimitrius Souza,Loss,N/A,Absolute Division,Male,Quarter-Finals
2017,2017 Brazilian National Jiu-Jitsu Championship,Erberth Santos,Submission,Rnc,Absolute Division,Male,Quarter-Finals
2017,2017 Brazilian National Jiu-Jitsu Championship,Rodrigo Conceicao,Loss,N/A,Absolute Division,Male,Quarter-Finals
2017,2017 Brazilian National Jiu-Jitsu Championship,Renato Cardoso,Submission,Choke,Absolute Division,Male,Quarter-Finals
2017,2017 Brazilian National Jiu-Jitsu Championship,Max Gimenis,Loss,N/A,Absolute Division,Male,Quarter-Finals
2017,2017 Brazilian National Jiu-Jitsu Championship,Rodrigo Cavaca,Points,N/A,Super Heavyweight,Male,Quarter-Finals
2017,2017 Brazilian National Jiu-Jitsu Championship,Igor Marques,Loss,N/A,Super Heavyweight,Male,Quarter-Finals
2017,2017 Brazilian National Jiu-Jitsu Championship,Fernando Reis,Submission,Choke From The Back,Super Heavyweight,Male,Quarter-Finals
2017,2017 Brazilian National Jiu-Jitsu Championship,Rodrigo Lima,Loss,N/A,Super Heavyweight,Male,Quarter-Finals
2017,2017 Brazilian National Jiu-Jitsu Championship,Igor Schneider,Points,N/A,Super Heavyweight,Male,Quarter-Finals
2017,2017 Brazilian National Jiu-Jitsu Championship,Otavio Serafim,Loss,N/A,Super Heavyweight,Male,Quarter-Finals
2017,2017 Brazilian National Jiu-Jitsu Championship,Leandro Lo,Points,N/A,Super Heavyweight,Male,Quarter-Finals
2017,2017 Brazilian National Jiu-Jitsu Championship,Diego Lima,Loss,N/A,Super Heavyweight,Male,Quarter-Finals
2017,2017 Brazilian National Jiu-Jitsu Championship,Erberth Santos,Points,N/A,Super Heavyweight,Male,Quarter-Finals
2017,2017 Brazilian National Jiu-Jitsu Championship,Rodrigo Martins,Loss,N/A,Super Heavyweight,Male,Quarter-Finals
2017,2017 Brazilian National Jiu-Jitsu Championship,Victor Honorio,Submission,Lapel Choke,Super Heavyweight,Male,Quarter-Finals
2017,2017 Brazilian National Jiu-Jitsu Championship,Otavio Nalati,Loss,N/A,Super Heavyweight,Male,Quarter-Finals
2017,2017 Brazilian National Jiu-Jitsu Championship,Guilherme Augusto,Points,N/A,Heavyweight,Male,Quarter-Finals
2017,2017 Brazilian National Jiu-Jitsu Championship,Tony Ferraz,Loss,N/A,Heavyweight,Male,Quarter-Finals
2017,2017 Brazilian National Jiu-Jitsu Championship,Dimitrius Souza,Win,N/A,Heavyweight,Male,Quarter-Finals
2017,2017 Brazilian National Jiu-Jitsu Championship,Ivan Tomic,Loss,N/A,Heavyweight,Male,Quarter-Finals
2017,2017 Brazilian National Jiu-Jitsu Championship,Patrick Gaudio,Points,N/A,Medium Heavyweight,Male,Quarter-Finals
2017,2017 Brazilian National Jiu-Jitsu Championship,Matheus Spirandeli,Loss,N/A,Medium Heavyweight,Male,Quarter-Finals
2017,2017 Brazilian National Jiu-Jitsu Championship,Horlando Montiero,Points,N/A,Medium Heavyweight,Male,Quarter-Finals
2017,2017 Brazilian National Jiu-Jitsu Championship,Marcos de Oliveira,Loss,N/A,Medium Heavyweight,Male,Quarter-Finals
2017,2017 Brazilian National Jiu-Jitsu Championship,Renato Cardoso,Points,N/A,Medium Heavyweight,Male,Quarter-Finals
2017,2017 Brazilian National Jiu-Jitsu Championship,Diogo Almeida,Loss,N/A,Medium Heavyweight,Male,Quarter-Finals
2017,2017 Brazilian National Jiu-Jitsu Championship,Tayane Porfirio,Win,N/A,Absolute Division,Female,Final
2017,2017 Brazilian National Jiu-Jitsu Championship,Beatriz Mesquita,Loss,N/A,Absolute Division,Female,Final
2017,2017 Brazilian National Jiu-Jitsu Championship,Talita Nogueira,Win,N/A,Super Heavyweight,Female,Final
2017,2017 Brazilian National Jiu-Jitsu Championship,Samela Leite,Loss,N/A,Super Heavyweight,Female,Final
2017,2017 Brazilian National Jiu-Jitsu Championship,Claudia Do Val,Win,N/A,Heavyweight,Female,Final
2017,2017 Brazilian National Jiu-Jitsu Championship,Nathiely De Jesus,Loss,N/A,Heavyweight,Female,Final
2017,2017 Brazilian National Jiu-Jitsu Championship,Nivia de Souza,Win,N/A,Middleweight,Female,Final
2017,2017 Brazilian National Jiu-Jitsu Championship,Barbara Gomes,Loss,N/A,Middleweight,Female,Final
2017,2017 Brazilian National Jiu-Jitsu Championship,Beatriz Mesquita,Win,N/A,Lightweight,Female,Final
2017,2017 Brazilian National Jiu-Jitsu Championship,Bianca Basilio,Loss,N/A,Lightweight,Female,Final
2017,2017 Brazilian National Jiu-Jitsu Championship,Thamires Aquino,Win,N/A,Light Featherweight,Female,Final
2017,2017 Brazilian National Jiu-Jitsu Championship,Vanderlucia Barbosa,Loss,N/A,Light Featherweight,Female,Final
2017,2017 Brazilian National Jiu-Jitsu Championship,Bianca Basilio,Points,N/A,Lightweight,Female,Semi-Finals
2017,2017 Brazilian National Jiu-Jitsu Championship,Natasha Quiza De Almeida,Loss,N/A,Lightweight,Female,Semi-Finals
2017,2017 Brazilian National Jiu-Jitsu Championship,Tayane Porfirio,Points,N/A,Absolute Division,Female,Quarter-Finals
2017,2017 Brazilian National Jiu-Jitsu Championship,Bianca Basilio,Loss,N/A,Absolute Division,Female,Quarter-Finals
2017,2017 Brazilian National Jiu-Jitsu Championship,Bianca Basilio,Submission,Choke From The Back,Lightweight,Female,Quarter-Finals
2017,2017 Brazilian National Jiu-Jitsu Championship,Ana Soares,Loss,N/A,Lightweight,Female,Quarter-Finals
2017,IBJJF 2017 European Jiu-Jitsu Championship,Leandro Lo,Points,N/A,Absolute Division,Male,Final
2017,IBJJF 2017 European Jiu-Jitsu Championship,Claudio Calasans,Loss,N/A,Absolute Division,Male,Final
2017,IBJJF 2017 European Jiu-Jitsu Championship,Mahamed Aly,Points,N/A,Super Heavyweight,Male,Final
2017,IBJJF 2017 European Jiu-Jitsu Championship,Lucio Rodrigues,Loss,N/A,Super Heavyweight,Male,Final
2017,IBJJF 2017 European Jiu-Jitsu Championship,Leandro Lo,Submission,Armbar,Heavyweight,Male,Final
2017,IBJJF 2017 European Jiu-Jitsu Championship,Tanner Rice,Loss,N/A,Heavyweight,Male,Final
2017,IBJJF 2017 European Jiu-Jitsu Championship,Rodrigo Fajardo,Points,N/A,Medium Heavyweight,Male,Final
2017,IBJJF 2017 European Jiu-Jitsu Championship,Horlando Montiero,Loss,N/A,Medium Heavyweight,Male,Final
2017,IBJJF 2017 European Jiu-Jitsu Championship,Marcos Tinoco,Points,N/A,Middleweight,Male,Final
2017,IBJJF 2017 European Jiu-Jitsu Championship,Alec Baulding,Loss,N/A,Middleweight,Male,Final
2017,IBJJF 2017 European Jiu-Jitsu Championship,Rubens Charles,Points,N/A,Featherweight,Male,Final
2017,IBJJF 2017 European Jiu-Jitsu Championship,Gianni Grippo,Loss,N/A,Featherweight,Male,Final
2017,IBJJF 2017 European Jiu-Jitsu Championship,Mikey Musumeci,Points,N/A,Light Featherweight,Male,Final
2017,IBJJF 2017 European Jiu-Jitsu Championship,Gabriel Moraes,Loss,N/A,Light Featherweight,Male,Final
2017,IBJJF 2017 European Jiu-Jitsu Championship,Koji Shibamoto,Advantage,N/A,Rooster Weight,Male,Final
2017,IBJJF 2017 European Jiu-Jitsu Championship,Rodnei Barbosa,Loss,N/A,Rooster Weight,Male,Final
2017,IBJJF 2017 European Jiu-Jitsu Championship,Claudio Calasans,Submission,Wrist Lock,Absolute Division,Male,Semi-Finals
2017,IBJJF 2017 European Jiu-Jitsu Championship,Manuel Ribamar Filho,Loss,N/A,Absolute Division,Male,Semi-Finals
2017,IBJJF 2017 European Jiu-Jitsu Championship,Leandro Lo,Points,N/A,Absolute Division,Male,Semi-Finals
2017,IBJJF 2017 European Jiu-Jitsu Championship,Mahamed Aly,Loss,N/A,Absolute Division,Male,Semi-Finals
2017,IBJJF 2017 European Jiu-Jitsu Championship,Igor Silva,Advantage,N/A,Ultra Heavyweight,Male,Semi-Finals
2017,IBJJF 2017 European Jiu-Jitsu Championship,Gustavo Dias Elias,Loss,N/A,Ultra Heavyweight,Male,Semi-Finals
2017,IBJJF 2017 European Jiu-Jitsu Championship,Ricardo Evangelista,Win,N/A,Ultra Heavyweight,Male,Semi-Finals
2017,IBJJF 2017 European Jiu-Jitsu Championship,Carlos Farias,Loss,N/A,Ultra Heavyweight,Male,Semi-Finals
2017,IBJJF 2017 European Jiu-Jitsu Championship,Mahamed Aly,Points,N/A,Super Heavyweight,Male,Semi-Finals
2017,IBJJF 2017 European Jiu-Jitsu Championship,Vitor Toledo,Loss,N/A,Super Heavyweight,Male,Semi-Finals
2017,IBJJF 2017 European Jiu-Jitsu Championship,Tanner Rice,Decision,N/A,Heavyweight,Male,Semi-Finals
2017,IBJJF 2017 European Jiu-Jitsu Championship,Adam Wardzinski,Loss,N/A,Heavyweight,Male,Semi-Finals
2017,IBJJF 2017 European Jiu-Jitsu Championship,Leandro Lo,Advantage,N/A,Heavyweight,Male,Semi-Finals
2017,IBJJF 2017 European Jiu-Jitsu Championship,Jesse Urholin,Loss,N/A,Heavyweight,Male,Semi-Finals
2017,IBJJF 2017 European Jiu-Jitsu Championship,Rodrigo Fajardo,Advantage,N/A,Medium Heavyweight,Male,Semi-Finals
2017,IBJJF 2017 European Jiu-Jitsu Championship,Vinicius Garcia,Loss,N/A,Medium Heavyweight,Male,Semi-Finals
2017,IBJJF 2017 European Jiu-Jitsu Championship,Horlando Montiero,Advantage,N/A,Medium Heavyweight,Male,Semi-Finals
2017,IBJJF 2017 European Jiu-Jitsu Championship,Matheus Spirandeli,Loss,N/A,Medium Heavyweight,Male,Semi-Finals
2017,IBJJF 2017 European Jiu-Jitsu Championship,Marcos Tinoco,Points,N/A,Middleweight,Male,Semi-Finals
2017,IBJJF 2017 European Jiu-Jitsu Championship,Jaime Canuto,Loss,N/A,Middleweight,Male,Semi-Finals
2017,IBJJF 2017 European Jiu-Jitsu Championship,Alec Baulding,Submission,Choke From The Back,Middleweight,Male,Semi-Finals
2017,IBJJF 2017 European Jiu-Jitsu Championship,Isaque Bahiense,Loss,N/A,Middleweight,Male,Semi-Finals
2017,IBJJF 2017 European Jiu-Jitsu Championship,Luan Carvalho,Submission,Triangle,Lightweight,Male,Semi-Finals
2017,IBJJF 2017 European Jiu-Jitsu Championship,Masahiro Iwasaki,Loss,N/A,Lightweight,Male,Semi-Finals
2017,IBJJF 2017 European Jiu-Jitsu Championship,Marcio Andre,Submission,Triangle,Lightweight,Male,Semi-Finals
2017,IBJJF 2017 European Jiu-Jitsu Championship,Andris Brunovskis,Loss,N/A,Lightweight,Male,Semi-Finals
2017,IBJJF 2017 European Jiu-Jitsu Championship,Rubens Charles,Win,N/A,Featherweight,Male,Semi-Finals
2017,IBJJF 2017 European Jiu-Jitsu Championship,Gabriel Marangoni,Loss,N/A,Featherweight,Male,Semi-Finals
2017,IBJJF 2017 European Jiu-Jitsu Championship,Gianni Grippo,Points,N/A,Featherweight,Male,Semi-Finals
2017,IBJJF 2017 European Jiu-Jitsu Championship,Isaque Paiva,Loss,N/A,Featherweight,Male,Semi-Finals
2017,IBJJF 2017 European Jiu-Jitsu Championship,Mikey Musumeci,Decision,N/A,Light Featherweight,Male,Semi-Finals
2017,IBJJF 2017 European Jiu-Jitsu Championship,Hiago George,Loss,N/A,Light Featherweight,Male,Semi-Finals
2017,IBJJF 2017 European Jiu-Jitsu Championship,Gabriel Moraes,Points,N/A,Light Featherweight,Male,Semi-Finals
2017,IBJJF 2017 European Jiu-Jitsu Championship,Joao Miyao,Loss,N/A,Light Featherweight,Male,Semi-Finals
2017,IBJJF 2017 European Jiu-Jitsu Championship,Koji Shibamoto,Advantage,N/A,Rooster Weight,Male,Semi-Finals
2017,IBJJF 2017 European Jiu-Jitsu Championship,Vincent Nguyen,Loss,N/A,Rooster Weight,Male,Semi-Finals
2017,IBJJF 2017 European Jiu-Jitsu Championship,Rodnei Barbosa,Submission,Toehold,Rooster Weight,Male,Semi-Finals
2017,IBJJF 2017 European Jiu-Jitsu Championship,Guilherme Montenegro,Loss,N/A,Rooster Weight,Male,Semi-Finals
2017,IBJJF 2017 European Jiu-Jitsu Championship,Claudio Calasans,Points,N/A,Absolute Division,Male,Quarter-Finals
2017,IBJJF 2017 European Jiu-Jitsu Championship,Gustavo Dias Elias,Loss,N/A,Absolute Division,Male,Quarter-Finals
2017,IBJJF 2017 European Jiu-Jitsu Championship,Leandro Lo,Points,N/A,Absolute Division,Male,Quarter-Finals
2017,IBJJF 2017 European Jiu-Jitsu Championship,Isaque Bahiense,Loss,N/A,Absolute Division,Male,Quarter-Finals
2017,IBJJF 2017 European Jiu-Jitsu Championship,Manuel Ribamar Filho,Advantage,N/A,Absolute Division,Male,Quarter-Finals
2017,IBJJF 2017 European Jiu-Jitsu Championship,Lucio Rodrigues,Loss,N/A,Absolute Division,Male,Quarter-Finals
2017,IBJJF 2017 European Jiu-Jitsu Championship,Mahamed Aly,Points,N/A,Absolute Division,Male,Quarter-Finals
2017,IBJJF 2017 European Jiu-Jitsu Championship,Ricardo Evangelista,Loss,N/A,Absolute Division,Male,Quarter-Finals
2017,IBJJF 2017 European Jiu-Jitsu Championship,Ricardo Evangelista,Submission,Choke From The Back,Ultra Heavyweight,Male,Quarter-Finals
2017,IBJJF 2017 European Jiu-Jitsu Championship,Patryk Wysocki,Loss,N/A,Ultra Heavyweight,Male,Quarter-Finals
2017,IBJJF 2017 European Jiu-Jitsu Championship,Igor Silva,Submission,Armbar,Ultra Heavyweight,Male,Quarter-Finals
2017,IBJJF 2017 European Jiu-Jitsu Championship,Martin Johannes Gobel,Loss,N/A,Ultra Heavyweight,Male,Quarter-Finals
2017,IBJJF 2017 European Jiu-Jitsu Championship,Mahamed Aly,Points,N/A,Super Heavyweight,Male,Quarter-Finals
2017,IBJJF 2017 European Jiu-Jitsu Championship,Arya Esfandmaz,Loss,N/A,Super Heavyweight,Male,Quarter-Finals
2017,IBJJF 2017 European Jiu-Jitsu Championship,Leandro Lo,Points,N/A,Heavyweight,Male,Quarter-Finals
2017,IBJJF 2017 European Jiu-Jitsu Championship,Karim Khalifa,Loss,N/A,Heavyweight,Male,Quarter-Finals
2017,IBJJF 2017 European Jiu-Jitsu Championship,Jesse Urholin,Points,N/A,Heavyweight,Male,Quarter-Finals
2017,IBJJF 2017 European Jiu-Jitsu Championship,Rodolpho Bonfim,Loss,N/A,Heavyweight,Male,Quarter-Finals
2017,IBJJF 2017 European Jiu-Jitsu Championship,Adam Wardzinski,Points,N/A,Heavyweight,Male,Quarter-Finals
2017,IBJJF 2017 European Jiu-Jitsu Championship,Manuel Ribamar Filho,Loss,N/A,Heavyweight,Male,Quarter-Finals
2017,IBJJF 2017 European Jiu-Jitsu Championship,Tanner Rice,Points,N/A,Heavyweight,Male,Quarter-Finals
2017,IBJJF 2017 European Jiu-Jitsu Championship,Leandro Costa,Loss,N/A,Heavyweight,Male,Quarter-Finals
2017,IBJJF 2017 European Jiu-Jitsu Championship,Matheus Spirandeli,Win,N/A,Medium Heavyweight,Male,Quarter-Finals
2017,IBJJF 2017 European Jiu-Jitsu Championship,Vinícius “Trator” Ferreira Gazola,Loss,N/A,Medium Heavyweight,Male,Quarter-Finals
2017,IBJJF 2017 European Jiu-Jitsu Championship,Vinicius Garcia,Points,N/A,Medium Heavyweight,Male,Quarter-Finals
2017,IBJJF 2017 European Jiu-Jitsu Championship,Marcelo Cortelassi,Loss,N/A,Medium Heavyweight,Male,Quarter-Finals
2017,IBJJF 2017 European Jiu-Jitsu Championship,Tayane Porfirio,Advantage,N/A,Absolute Division,Female,Final
2017,IBJJF 2017 European Jiu-Jitsu Championship,Beatriz Mesquita,Loss,N/A,Absolute Division,Female,Final
2017,IBJJF 2017 European Jiu-Jitsu Championship,Tayane Porfirio,Submission,Choke From Mount,Super Heavyweight,Female,Final
2017,IBJJF 2017 European Jiu-Jitsu Championship,Venla Luukkonen,Loss,N/A,Super Heavyweight,Female,Final
2017,IBJJF 2017 European Jiu-Jitsu Championship,Nathiely De Jesus,Submission,Choke,Medium Heavyweight,Female,Final
2017,IBJJF 2017 European Jiu-Jitsu Championship,Ida Floisvik,Loss,N/A,Medium Heavyweight,Female,Final
2017,IBJJF 2017 European Jiu-Jitsu Championship,Ana Carolina Vieira,Submission,Choke From The Back,Middleweight,Female,Final
2017,IBJJF 2017 European Jiu-Jitsu Championship,Paivi Aittamaa,Loss,N/A,Middleweight,Female,Final
2017,IBJJF 2017 European Jiu-Jitsu Championship,Beatriz Mesquita,Advantage,N/A,Lightweight,Female,Final
2017,IBJJF 2017 European Jiu-Jitsu Championship,Luiza Montiero,Loss,N/A,Lightweight,Female,Final
2017,IBJJF 2017 European Jiu-Jitsu Championship,Mackenzie Dern,Decision,N/A,Featherweight,Female,Final
2017,IBJJF 2017 European Jiu-Jitsu Championship,Emily Thylin,Loss,N/A,Featherweight,Female,Final
2017,IBJJF 2017 European Jiu-Jitsu Championship,Gezary Matuda,Points,N/A,Light Featherweight,Female,Final
2017,IBJJF 2017 European Jiu-Jitsu Championship,Kristina Barlaan,Loss,N/A,Light Featherweight,Female,Final
2017,IBJJF 2017 European Jiu-Jitsu Championship,Serena Gabrielli,Points,N/A,Rooster Weight,Female,Final
2017,IBJJF 2017 European Jiu-Jitsu Championship,Outi Jarvilehto,Loss,N/A,Rooster Weight,Female,Final
2017,IBJJF 2017 European Jiu-Jitsu Championship,Tayane Porfirio,Points,N/A,Absolute Division,Female,Semi-Finals
2017,IBJJF 2017 European Jiu-Jitsu Championship,Mackenzie Dern,Loss,N/A,Absolute Division,Female,Semi-Finals
2017,IBJJF 2017 European Jiu-Jitsu Championship,Mackenzie Dern,Win,N/A,Featherweight,Female,Semi-Finals
2017,IBJJF 2017 European Jiu-Jitsu Championship,Carolina Carriello,Loss,N/A,Featherweight,Female,Semi-Finals
2017,IBJJF 2017 European Jiu-Jitsu Championship,Mackenzie Dern,Points,N/A,Absolute Division,Female,Quarter-Finals
2017,IBJJF 2017 European Jiu-Jitsu Championship,Venla Luukkonen,Loss,N/A,Absolute Division,Female,Quarter-Finals
2018,2018 World IBJJF Jiu-Jitsu Championship,Marcus Almeida “Buchecha”,Advantage,N/A,Absolute Division,Male,Final
2018,2018 World IBJJF Jiu-Jitsu Championship,Leandro Lo,Loss,N/A,Absolute Division,Male,Final
2018,2018 World IBJJF Jiu-Jitsu Championship,Marcus Almeida “Buchecha”,Decision,N/A,Ultra Heavyweight,Male,Final
2018,2018 World IBJJF Jiu-Jitsu Championship,Joao Gabriel Rocha,Loss,N/A,Ultra Heavyweight,Male,Final
2018,2018 World IBJJF Jiu-Jitsu Championship,Mahamed Aly,Injury,N/A,Super Heavyweight,Male,Final
2018,2018 World IBJJF Jiu-Jitsu Championship,Leandro Lo,Loss,N/A,Super Heavyweight,Male,Final
2018,2018 World IBJJF Jiu-Jitsu Championship,Felipe Pena,Advantage,N/A,Heavyweight,Male,Final
2018,2018 World IBJJF Jiu-Jitsu Championship,Patrick Gaudio,Loss,N/A,Heavyweight,Male,Final
2018,2018 World IBJJF Jiu-Jitsu Championship,Isaque Bahiense,Points,N/A,Middleweight,Male,Final
2018,2018 World IBJJF Jiu-Jitsu Championship,Tommy Langaker,Loss,N/A,Middleweight,Male,Final
2018,2018 World IBJJF Jiu-Jitsu Championship,Lucas Lepri,Points,N/A,Lightweight,Male,Final
2018,2018 World IBJJF Jiu-Jitsu Championship,Renato Canuto,Loss,N/A,Lightweight,Male,Final
2018,2018 World IBJJF Jiu-Jitsu Championship,Shane Jamil Hill-Taylor,Win,N/A,Featherweight,Male,Final
2018,2018 World IBJJF Jiu-Jitsu Championship,Leo Saggioro,Loss,N/A,Featherweight,Male,Final
2018,2018 World IBJJF Jiu-Jitsu Championship,Mikey Musumeci,Points,N/A,Light Featherweight,Male,Final
2018,2018 World IBJJF Jiu-Jitsu Championship,Ary Farias,Loss,N/A,Light Featherweight,Male,Final
2018,2018 World IBJJF Jiu-Jitsu Championship,Bruno Malfacine,Submission,Armbar,Rooster Weight,Male,Final
2018,2018 World IBJJF Jiu-Jitsu Championship,Rodnei Barbosa,Loss,N/A,Rooster Weight,Male,Final
2018,2018 World IBJJF Jiu-Jitsu Championship,Leandro Lo,Points,N/A,Absolute Division,Male,Semi-Finals
2018,2018 World IBJJF Jiu-Jitsu Championship,Victor Honorio,Loss,N/A,Absolute Division,Male,Semi-Finals
2018,2018 World IBJJF Jiu-Jitsu Championship,Marcus Almeida “Buchecha”,Points,N/A,Absolute Division,Male,Semi-Finals
2018,2018 World IBJJF Jiu-Jitsu Championship,Nicholas Meregali,Loss,N/A,Absolute Division,Male,Semi-Finals
2018,2018 World IBJJF Jiu-Jitsu Championship,Marcus Almeida “Buchecha”,Submission,Kimura,Ultra Heavyweight,Male,Semi-Finals
2018,2018 World IBJJF Jiu-Jitsu Championship,Victor Honorio,Loss,N/A,Ultra Heavyweight,Male,Semi-Finals
2018,2018 World IBJJF Jiu-Jitsu Championship,Joao Gabriel Rocha,Points,N/A,Ultra Heavyweight,Male,Semi-Finals
2018,2018 World IBJJF Jiu-Jitsu Championship,Admilson Gobi,Loss,N/A,Ultra Heavyweight,Male,Semi-Finals
2018,2018 World IBJJF Jiu-Jitsu Championship,Leandro Lo,Points,N/A,Super Heavyweight,Male,Semi-Finals
2018,2018 World IBJJF Jiu-Jitsu Championship,Nelton Pontes,Loss,N/A,Super Heavyweight,Male,Semi-Finals
2018,2018 World IBJJF Jiu-Jitsu Championship,Mahamed Aly,Points,N/A,Super Heavyweight,Male,Semi-Finals
2018,2018 World IBJJF Jiu-Jitsu Championship,Nicholas Meregali,Loss,N/A,Super Heavyweight,Male,Semi-Finals
2018,2018 World IBJJF Jiu-Jitsu Championship,Felipe Pena,Points,N/A,Heavyweight,Male,Semi-Finals
2018,2018 World IBJJF Jiu-Jitsu Championship,Fellipe Andrew,Loss,N/A,Heavyweight,Male,Semi-Finals
2018,2018 World IBJJF Jiu-Jitsu Championship,Patrick Gaudio,Decision,N/A,Heavyweight,Male,Semi-Finals
2018,2018 World IBJJF Jiu-Jitsu Championship,Keenan Cornelius,Loss,N/A,Heavyweight,Male,Semi-Finals
2018,2018 World IBJJF Jiu-Jitsu Championship,Lucas Barbosa,Advantage,N/A,Medium Heavyweight,Male,Semi-Finals
2018,2018 World IBJJF Jiu-Jitsu Championship,Rudson Mateus,Loss,N/A,Medium Heavyweight,Male,Semi-Finals
2018,2018 World IBJJF Jiu-Jitsu Championship,Gustavo Batista,Points,N/A,Medium Heavyweight,Male,Semi-Finals
2018,2018 World IBJJF Jiu-Jitsu Championship,Renato Cardoso,Loss,N/A,Medium Heavyweight,Male,Semi-Finals
2018,2018 World IBJJF Jiu-Jitsu Championship,Isaque Bahiense,Advantage,N/A,Middleweight,Male,Semi-Finals
2018,2018 World IBJJF Jiu-Jitsu Championship,Jaime Canuto,Loss,N/A,Middleweight,Male,Semi-Finals
2018,2018 World IBJJF Jiu-Jitsu Championship,Tommy Langaker,Submission,Choke From The Back,Middleweight,Male,Semi-Finals
2018,2018 World IBJJF Jiu-Jitsu Championship,Marcos Tinoco,Loss,N/A,Middleweight,Male,Semi-Finals
2018,2018 World IBJJF Jiu-Jitsu Championship,Lucas Lepri,Advantage,N/A,Lightweight,Male,Semi-Finals
2018,2018 World IBJJF Jiu-Jitsu Championship,Espen Mathiesen,Loss,N/A,Lightweight,Male,Semi-Finals
2018,2018 World IBJJF Jiu-Jitsu Championship,Renato Canuto,Decision,N/A,Lightweight,Male,Semi-Finals
2018,2018 World IBJJF Jiu-Jitsu Championship,Vitor Oliveira,Loss,N/A,Lightweight,Male,Semi-Finals
2018,2018 World IBJJF Jiu-Jitsu Championship,Shane Jamil Hill-Taylor,Advantage,N/A,Featherweight,Male,Semi-Finals
2018,2018 World IBJJF Jiu-Jitsu Championship,Marcio Andre,Loss,N/A,Featherweight,Male,Semi-Finals
2018,2018 World IBJJF Jiu-Jitsu Championship,Leo Saggioro,Points,N/A,Featherweight,Male,Semi-Finals
2018,2018 World IBJJF Jiu-Jitsu Championship,Osvaldo Queixinho Moizinho,Loss,N/A,Featherweight,Male,Semi-Finals
2018,2018 World IBJJF Jiu-Jitsu Championship,Mikey Musumeci,Decision,N/A,Light Featherweight,Male,Semi-Finals
2018,2018 World IBJJF Jiu-Jitsu Championship,José Tiago Barros,Loss,N/A,Light Featherweight,Male,Semi-Finals
2018,2018 World IBJJF Jiu-Jitsu Championship,Ary Farias,Points,N/A,Light Featherweight,Male,Semi-Finals
2018,2018 World IBJJF Jiu-Jitsu Championship,Joao Miyao,Loss,N/A,Light Featherweight,Male,Semi-Finals
2018,2018 World IBJJF Jiu-Jitsu Championship,Bruno Malfacine,Submission,Ezekiel,Rooster Weight,Male,Semi-Finals
2018,2018 World IBJJF Jiu-Jitsu Championship,Tomoyuki Hashimoto,Loss,N/A,Rooster Weight,Male,Semi-Finals
2018,2018 World IBJJF Jiu-Jitsu Championship,Rodnei Barbosa,Submission,Choke From The Back,Rooster Weight,Male,Semi-Finals
2018,2018 World IBJJF Jiu-Jitsu Championship,Hiago Gama,Loss,N/A,Rooster Weight,Male,Semi-Finals
2018,2018 World IBJJF Jiu-Jitsu Championship,Leandro Lo,Points,N/A,Absolute Division,Male,Quarter-Finals
2018,2018 World IBJJF Jiu-Jitsu Championship,Luiz Panza,Loss,N/A,Absolute Division,Male,Quarter-Finals
2018,2018 World IBJJF Jiu-Jitsu Championship,Marcus Almeida “Buchecha”,Submission,Armbar,Absolute Division,Male,Quarter-Finals
2018,2018 World IBJJF Jiu-Jitsu Championship,Fellipe Andrew,Loss,N/A,Absolute Division,Male,Quarter-Finals
2018,2018 World IBJJF Jiu-Jitsu Championship,Victor Honorio,Points,N/A,Absolute Division,Male,Quarter-Finals
2018,2018 World IBJJF Jiu-Jitsu Championship,Tim Spriggs,Loss,N/A,Absolute Division,Male,Quarter-Finals
2018,2018 World IBJJF Jiu-Jitsu Championship,Nicholas Meregali,Submission,Ezekiel,Absolute Division,Male,Quarter-Finals
2018,2018 World IBJJF Jiu-Jitsu Championship,Felipe Pena,Loss,N/A,Absolute Division,Male,Quarter-Finals
2018,2018 World IBJJF Jiu-Jitsu Championship,Victor Honorio,Points,N/A,Ultra Heavyweight,Male,Quarter-Finals
2018,2018 World IBJJF Jiu-Jitsu Championship,Thiago Gaia,Loss,N/A,Ultra Heavyweight,Male,Quarter-Finals
2018,2018 World IBJJF Jiu-Jitsu Championship,Joao Gabriel Rocha,Points,N/A,Ultra Heavyweight,Male,Quarter-Finals
2018,2018 World IBJJF Jiu-Jitsu Championship,Luiz Panza,Loss,N/A,Ultra Heavyweight,Male,Quarter-Finals
2018,2018 World IBJJF Jiu-Jitsu Championship,Marcus Almeida “Buchecha”,Submission,Choke,Ultra Heavyweight,Male,Quarter-Finals
2018,2018 World IBJJF Jiu-Jitsu Championship,Max Gimenis,Loss,N/A,Ultra Heavyweight,Male,Quarter-Finals
2018,2018 World IBJJF Jiu-Jitsu Championship,Marcus Almeida “Buchecha”,Points,N/A,Ultra Heavyweight,Male,Quarter-Finals
2018,2018 World IBJJF Jiu-Jitsu Championship,Otavio Nalati,Loss,N/A,Ultra Heavyweight,Male,Quarter-Finals
2018,2018 World IBJJF Jiu-Jitsu Championship,Admilson Gobi,Advantage,N/A,Ultra Heavyweight,Male,Quarter-Finals
2018,2018 World IBJJF Jiu-Jitsu Championship,Gustavo Dias Elias,Loss,N/A,Ultra Heavyweight,Male,Quarter-Finals
2018,2018 World IBJJF Jiu-Jitsu Championship,Victor Honorio,Advantage,N/A,Ultra Heavyweight,Male,Quarter-Finals
2018,2018 World IBJJF Jiu-Jitsu Championship,Alex Aparecido,Loss,N/A,Ultra Heavyweight,Male,Quarter-Finals
2018,2018 World IBJJF Jiu-Jitsu Championship,Leandro Lo,Submission,Triangle,Super Heavyweight,Male,Quarter-Finals
2018,2018 World IBJJF Jiu-Jitsu Championship,Rodrigo Ribeiro,Loss,N/A,Super Heavyweight,Male,Quarter-Finals
2018,2018 World IBJJF Jiu-Jitsu Championship,Tayane Porfirio,Points,N/A,Absolute Division,Female,Final
2018,2018 World IBJJF Jiu-Jitsu Championship,Nathiely De Jesus,Loss,N/A,Absolute Division,Female,Final
2018,2018 World IBJJF Jiu-Jitsu Championship,Tayane Porfirio,Submission,Americana,Super Heavyweight,Female,Final
2018,2018 World IBJJF Jiu-Jitsu Championship,Venla Luukkonen,Loss,N/A,Super Heavyweight,Female,Final
2018,2018 World IBJJF Jiu-Jitsu Championship,Nathiely De Jesus,Advantage,N/A,Heavyweight,Female,Final
2018,2018 World IBJJF Jiu-Jitsu Championship,Maria Malyjasiak,Loss,N/A,Heavyweight,Female,Final
2018,2018 World IBJJF Jiu-Jitsu Championship,Claudia Do Val,Submission,Triangle,Medium Heavyweight,Female,Final
2018,2018 World IBJJF Jiu-Jitsu Championship,Monique Elias,Loss,N/A,Medium Heavyweight,Female,Final
2018,2018 World IBJJF Jiu-Jitsu Championship,Ana Carolina Vieira,Submission,Ezekiel,Middleweight,Female,Final
2018,2018 World IBJJF Jiu-Jitsu Championship,Raquel Canuto,Loss,N/A,Middleweight,Female,Final
2018,2018 World IBJJF Jiu-Jitsu Championship,Beatriz Mesquita,Advantage,N/A,Lightweight,Female,Final
2018,2018 World IBJJF Jiu-Jitsu Championship,Luiza Montiero,Loss,N/A,Lightweight,Female,Final
2018,2018 World IBJJF Jiu-Jitsu Championship,Karen Antunes,Decision,N/A,Featherweight,Female,Final
2018,2018 World IBJJF Jiu-Jitsu Championship,Ana Carolina Schmitt,Loss,N/A,Featherweight,Female,Final
2018,2018 World IBJJF Jiu-Jitsu Championship,Amanda Monteiro,Advantage,N/A,Light Featherweight,Female,Final
2018,2018 World IBJJF Jiu-Jitsu Championship,Talita Alencar,Loss,N/A,Light Featherweight,Female,Final
2018,2018 World IBJJF Jiu-Jitsu Championship,Rikako Yuasa,Points,N/A,Rooster Weight,Female,Final
2018,2018 World IBJJF Jiu-Jitsu Championship,Serena Gabrielli,Loss,N/A,Rooster Weight,Female,Final
2018,2018 World IBJJF Jiu-Jitsu Championship,Bianca Basilio,Points,N/A,Absolute Division,Female,Quarter-Finals
2018,2018 World IBJJF Jiu-Jitsu Championship,Jessica Flowers,Loss,N/A,Absolute Division,Female,Quarter-Finals
2018,2018 World IBJJF Jiu-Jitsu Championship,Nathiely De Jesus,Points,N/A,Heavyweight,Female,Quarter-Finals
2018,2018 World IBJJF Jiu-Jitsu Championship,Bianca Basilio,Loss,N/A,Heavyweight,Female,Quarter-Finals
2018,2018 Pan Jiu-Jitsu IBJJF Championship,Leandro Lo,Points,N/A,Absolute Division,Male,Final
2018,2018 Pan Jiu-Jitsu IBJJF Championship,Gutemberg Pereira,Loss,N/A,Absolute Division,Male,Final
2018,2018 Pan Jiu-Jitsu IBJJF Championship,Keenan Cornelius,Advantage,N/A,Super Heavyweight,Male,Final
2018,2018 Pan Jiu-Jitsu IBJJF Championship,Mahamed Aly,Loss,N/A,Super Heavyweight,Male,Final
2018,2018 Pan Jiu-Jitsu IBJJF Championship,Gianni Grippo,Advantage,N/A,Featherweight,Male,Final
2018,2018 Pan Jiu-Jitsu IBJJF Championship,Shane Jamil Hill-Taylor,Loss,N/A,Featherweight,Male,Final
2018,2018 Pan Jiu-Jitsu IBJJF Championship,Joao Miyao,Points,N/A,Light Featherweight,Male,Final
2018,2018 Pan Jiu-Jitsu IBJJF Championship,Pablo Mantovani,Loss,N/A,Light Featherweight,Male,Final
2018,2018 Pan Jiu-Jitsu IBJJF Championship,Leandro Lo,Points,N/A,Absolute Division,Male,Semi-Finals
2018,2018 Pan Jiu-Jitsu IBJJF Championship,Keenan Cornelius,Loss,N/A,Absolute Division,Male,Semi-Finals
2018,2018 Pan Jiu-Jitsu IBJJF Championship,Gutemberg Pereira,Submission,Choke From The Back,Absolute Division,Male,Semi-Finals
2018,2018 Pan Jiu-Jitsu IBJJF Championship,Tommy Langaker,Loss,N/A,Absolute Division,Male,Semi-Finals
2018,2018 Pan Jiu-Jitsu IBJJF Championship,Keenan Cornelius,Points,N/A,Super Heavyweight,Male,Semi-Finals
2018,2018 Pan Jiu-Jitsu IBJJF Championship,Tim Spriggs,Loss,N/A,Super Heavyweight,Male,Semi-Finals
2018,2018 Pan Jiu-Jitsu IBJJF Championship,Lucas Barbosa,Advantage,N/A,Medium Heavyweight,Male,Semi-Finals
2018,2018 Pan Jiu-Jitsu IBJJF Championship,Matheus Diniz,Loss,N/A,Medium Heavyweight,Male,Semi-Finals
2018,2018 Pan Jiu-Jitsu IBJJF Championship,Jonathan “JT” Torres,Submission,Triangle Choke,Lightweight,Male,Semi-Finals
2018,2018 Pan Jiu-Jitsu IBJJF Championship,Breno Bittencourt,Loss,N/A,Lightweight,Male,Semi-Finals
2018,2018 Pan Jiu-Jitsu IBJJF Championship,Gianni Grippo,Advantage,N/A,Featherweight,Male,Semi-Finals
2018,2018 Pan Jiu-Jitsu IBJJF Championship,Osvaldo Queixinho Moizinho,Loss,N/A,Featherweight,Male,Semi-Finals
2018,2018 Pan Jiu-Jitsu IBJJF Championship,Joao Miyao,Advantage,N/A,Light Featherweight,Male,Semi-Finals
2018,2018 Pan Jiu-Jitsu IBJJF Championship,Yuta Shimada,Loss,N/A,Light Featherweight,Male,Semi-Finals
2018,2018 Pan Jiu-Jitsu IBJJF Championship,Gutemberg Pereira,Submission,Toehold,Absolute Division,Male,Quarter-Finals
2018,2018 Pan Jiu-Jitsu IBJJF Championship,Fellipe Andrew,Loss,N/A,Absolute Division,Male,Quarter-Finals
2018,2018 Pan Jiu-Jitsu IBJJF Championship,Leandro Lo,Points,N/A,Absolute Division,Male,Quarter-Finals
2018,2018 Pan Jiu-Jitsu IBJJF Championship,John Combs,Loss,N/A,Absolute Division,Male,Quarter-Finals
2018,2018 Pan Jiu-Jitsu IBJJF Championship,Keenan Cornelius,Submission,Ezekiel,Absolute Division,Male,Quarter-Finals
2018,2018 Pan Jiu-Jitsu IBJJF Championship,Tim Spriggs,Loss,N/A,Absolute Division,Male,Quarter-Finals
2018,2018 Pan Jiu-Jitsu IBJJF Championship,Tommy Langaker,Points,N/A,Absolute Division,Male,Quarter-Finals
2018,2018 Pan Jiu-Jitsu IBJJF Championship,Renato Cardoso,Loss,N/A,Absolute Division,Male,Quarter-Finals
2018,2018 Pan Jiu-Jitsu IBJJF Championship,Tim Spriggs,Points,N/A,Super Heavyweight,Male,Quarter-Finals
2018,2018 Pan Jiu-Jitsu IBJJF Championship,Rodrigo Ribeiro,Loss,N/A,Super Heavyweight,Male,Quarter-Finals
2018,2018 Pan Jiu-Jitsu IBJJF Championship,Leandro Lo,Submission,Cross Choke,Heavyweight,Male,Quarter-Finals
2018,2018 Pan Jiu-Jitsu IBJJF Championship,Matheus Godoy,Loss,N/A,Heavyweight,Male,Quarter-Finals
2018,2018 Pan Jiu-Jitsu IBJJF Championship,Fellipe Andrew,Win,N/A,94Kgs,Male,Quarter-Finals
2018,2018 Pan Jiu-Jitsu IBJJF Championship,Roberto Torralbas,Loss,N/A,94Kgs,Male,Quarter-Finals
2018,2018 Pan Jiu-Jitsu IBJJF Championship,Tanner Rice,Points,N/A,94Kgs,Male,Quarter-Finals
2018,2018 Pan Jiu-Jitsu IBJJF Championship,Aaron “Tex” Johnson,Loss,N/A,94Kgs,Male,Quarter-Finals
2018,2018 Pan Jiu-Jitsu IBJJF Championship,Gustavo Batista,Advantage,N/A,Medium Heavyweight,Male,Quarter-Finals
2018,2018 Pan Jiu-Jitsu IBJJF Championship,Horlando Montiero,Loss,N/A,Medium Heavyweight,Male,Quarter-Finals
2018,2018 Pan Jiu-Jitsu IBJJF Championship,Lucas Barbosa,Submission,Armbar,Medium Heavyweight,Male,Quarter-Finals
2018,2018 Pan Jiu-Jitsu IBJJF Championship,Ashur Darmo,Loss,N/A,Medium Heavyweight,Male,Quarter-Finals
2018,2018 Pan Jiu-Jitsu IBJJF Championship,Rudson Mateus,Points,N/A,Medium Heavyweight,Male,Quarter-Finals
2018,2018 Pan Jiu-Jitsu IBJJF Championship,Renato Cardoso,Loss,N/A,Medium Heavyweight,Male,Quarter-Finals
2018,2018 Pan Jiu-Jitsu IBJJF Championship,Matheus Diniz,Advantage,N/A,Medium Heavyweight,Male,Quarter-Finals
2018,2018 Pan Jiu-Jitsu IBJJF Championship,Diogo Moreno,Loss,N/A,Medium Heavyweight,Male,Quarter-Finals
2018,2018 Pan Jiu-Jitsu IBJJF Championship,Otavio Sousa,Decision,N/A,Middleweight,Male,Quarter-Finals
2018,2018 Pan Jiu-Jitsu IBJJF Championship,Manuel Ribamar Filho,Loss,N/A,Middleweight,Male,Quarter-Finals
2018,2018 Pan Jiu-Jitsu IBJJF Championship,Breno Bittencourt,Points,N/A,-76Kgs,Male,Quarter-Finals
2018,2018 Pan Jiu-Jitsu IBJJF Championship,Andris Brunovskis,Loss,N/A,-76Kgs,Male,Quarter-Finals
2018,2018 Pan Jiu-Jitsu IBJJF Championship,Jonathan “JT” Torres,Points,N/A,-76Kgs,Male,Quarter-Finals
2018,2018 Pan Jiu-Jitsu IBJJF Championship,Espen Mathiesen,Loss,N/A,-76Kgs,Male,Quarter-Finals
2018,2018 Pan Jiu-Jitsu IBJJF Championship,Shane Jamil Hill-Taylor,Submission,Rnc,Featherweight,Male,Quarter-Finals
2018,2018 Pan Jiu-Jitsu IBJJF Championship,Samir Chantre,Loss,N/A,Featherweight,Male,Quarter-Finals
2018,2018 Pan Jiu-Jitsu IBJJF Championship,Gilson Nunes,Submission,Triangle,Featherweight,Male,Quarter-Finals
2018,2018 Pan Jiu-Jitsu IBJJF Championship,Jon Van Buren,Loss,N/A,Featherweight,Male,Quarter-Finals
2018,2018 Pan Jiu-Jitsu IBJJF Championship,Gianni Grippo,Advantage,N/A,Featherweight,Male,Quarter-Finals
2018,2018 Pan Jiu-Jitsu IBJJF Championship,AJ Agazarm,Loss,N/A,Featherweight,Male,Quarter-Finals
2018,2018 Pan Jiu-Jitsu IBJJF Championship,Osvaldo Queixinho Moizinho,Submission,Armbar,Featherweight,Male,Quarter-Finals
2018,2018 Pan Jiu-Jitsu IBJJF Championship,Hiroaki Otsuka,Loss,N/A,Featherweight,Male,Quarter-Finals
2018,2018 Pan Jiu-Jitsu IBJJF Championship,Joao Miyao,Points,N/A,Light Featherweight,Male,Quarter-Finals
2018,2018 Pan Jiu-Jitsu IBJJF Championship,Darson Hemmings,Loss,N/A,Light Featherweight,Male,Quarter-Finals
2018,2018 Pan Jiu-Jitsu IBJJF Championship,Tomoyuki Hashimoto,Points,N/A,Rooster Weight,Male,Quarter-Finals
2018,2018 Pan Jiu-Jitsu IBJJF Championship,Joao Pedro Somalia,Loss,N/A,Rooster Weight,Male,Quarter-Finals
2018,2018 Pan Jiu-Jitsu IBJJF Championship,Bianca Basilio,DQ,N/A,Absolute Division,Female,Semi-Finals
2018,2018 Pan Jiu-Jitsu IBJJF Championship,Nathiely De Jesus,Loss,N/A,Absolute Division,Female,Semi-Finals
2018,2018 Pan Jiu-Jitsu IBJJF Championship,Karen Antunes,Submission,Armbar,Featherweight,Female,Semi-Finals
2018,2018 Pan Jiu-Jitsu IBJJF Championship,Bianca Basilio,Loss,N/A,Featherweight,Female,Semi-Finals
2018,2018 Pan Jiu-Jitsu IBJJF Championship,Bianca Basilio,Advantage,N/A,Absolute Division,Female,Quarter-Finals
2018,2018 Pan Jiu-Jitsu IBJJF Championship,Jessica Flowers,Loss,N/A,Absolute Division,Female,Quarter-Finals
2018,2018 Pan Jiu-Jitsu IBJJF Championship,Bianca Basilio,Advantage,N/A,Featherweight,Female,Quarter-Finals
2018,2018 Pan Jiu-Jitsu IBJJF Championship,Kristin Mikkelson,Loss,N/A,Featherweight,Female,Quarter-Finals
2018,2018 Brazilian National Jiu-Jitsu Championship,Leandro Lo,Points,N/A,Absolute Division,Male,Final
2018,2018 Brazilian National Jiu-Jitsu Championship,Erberth Santos,Loss,N/A,Absolute Division,Male,Final
2018,2018 Brazilian National Jiu-Jitsu Championship,Victor Honorio,Points,N/A,Ultra Heavyweight,Male,Final
2018,2018 Brazilian National Jiu-Jitsu Championship,Igor Schneider,Loss,N/A,Ultra Heavyweight,Male,Final
2018,2018 Brazilian National Jiu-Jitsu Championship,Vinícius “Trator” Ferreira Gazola,Win,N/A,Super Heavyweight,Male,Final
2018,2018 Brazilian National Jiu-Jitsu Championship,Marcos Goulart,Loss,N/A,Super Heavyweight,Male,Final
2018,2018 Brazilian National Jiu-Jitsu Championship,Leandro Lo,Points,N/A,Super Heavyweight,Male,Final
2018,2018 Brazilian National Jiu-Jitsu Championship,Erberth Santos,Loss,N/A,Super Heavyweight,Male,Final
2018,2018 Brazilian National Jiu-Jitsu Championship,Patrick Gaudio,Advantage,N/A,Medium Heavyweight,Male,Final
2018,2018 Brazilian National Jiu-Jitsu Championship,Renato Cardoso,Loss,N/A,Medium Heavyweight,Male,Final
2018,2018 Brazilian National Jiu-Jitsu Championship,Rudson Mateus,Submission,Rnc,-88Kgs,Male,Final
2018,2018 Brazilian National Jiu-Jitsu Championship,Horlando Montiero,Loss,N/A,-88Kgs,Male,Final
2018,2018 Brazilian National Jiu-Jitsu Championship,Jaime Canuto,Points,N/A,Middleweight,Male,Final
2018,2018 Brazilian National Jiu-Jitsu Championship,Otavio Sousa,Loss,N/A,Middleweight,Male,Final
2018,2018 Brazilian National Jiu-Jitsu Championship,Michael Langhi,Points,N/A,Lightweight,Male,Final
2018,2018 Brazilian National Jiu-Jitsu Championship,Gabriel Rollo,Loss,N/A,Lightweight,Male,Final
2018,2018 Brazilian National Jiu-Jitsu Championship,Rubens Charles,Points,N/A,Featherweight,Male,Final
2018,2018 Brazilian National Jiu-Jitsu Championship,Rafael Mansur,Loss,N/A,Featherweight,Male,Final
2018,2018 Brazilian National Jiu-Jitsu Championship,Leandro Lo,Points,N/A,Absolute Division,Male,Semi-Finals
2018,2018 Brazilian National Jiu-Jitsu Championship,Renato Cardoso,Loss,N/A,Absolute Division,Male,Semi-Finals
2018,2018 Brazilian National Jiu-Jitsu Championship,Erberth Santos,Points,N/A,Absolute Division,Male,Semi-Finals
2018,2018 Brazilian National Jiu-Jitsu Championship,Victor Honorio,Loss,N/A,Absolute Division,Male,Semi-Finals
2018,2018 Brazilian National Jiu-Jitsu Championship,Igor Schneider,Points,N/A,Ultra Heavyweight,Male,Semi-Finals
2018,2018 Brazilian National Jiu-Jitsu Championship,Herico Hesley,Loss,N/A,Ultra Heavyweight,Male,Semi-Finals
2018,2018 Brazilian National Jiu-Jitsu Championship,Victor Honorio,Submission,Choke,Ultra Heavyweight,Male,Semi-Finals
2018,2018 Brazilian National Jiu-Jitsu Championship,Kitner Moura,Loss,N/A,Ultra Heavyweight,Male,Semi-Finals
2018,2018 Brazilian National Jiu-Jitsu Championship,Vinícius “Trator” Ferreira Gazola,Win,N/A,Super Heavyweight,Male,Semi-Finals
2018,2018 Brazilian National Jiu-Jitsu Championship,Brenno Veloso,Loss,N/A,Super Heavyweight,Male,Semi-Finals
2018,2018 Brazilian National Jiu-Jitsu Championship,Leandro Lo,Points,N/A,Super Heavyweight,Male,Semi-Finals
2018,2018 Brazilian National Jiu-Jitsu Championship,Fernando Reis,Loss,N/A,Super Heavyweight,Male,Semi-Finals
2018,2018 Brazilian National Jiu-Jitsu Championship,Erberth Santos,Points,N/A,Super Heavyweight,Male,Semi-Finals
2018,2018 Brazilian National Jiu-Jitsu Championship,Rodrigo Cavaca,Loss,N/A,Super Heavyweight,Male,Semi-Finals
2018,2018 Brazilian National Jiu-Jitsu Championship,Dimitrius Souza,Win,N/A,Heavyweight,Male,Semi-Finals
2018,2018 Brazilian National Jiu-Jitsu Championship,Marcus Ruiz,Loss,N/A,Heavyweight,Male,Semi-Finals
2018,2018 Brazilian National Jiu-Jitsu Championship,Patrick Gaudio,Points,N/A,Medium Heavyweight,Male,Semi-Finals
2018,2018 Brazilian National Jiu-Jitsu Championship,Rodrigo Fajardo,Loss,N/A,Medium Heavyweight,Male,Semi-Finals
2018,2018 Brazilian National Jiu-Jitsu Championship,Renato Cardoso,Points,N/A,Medium Heavyweight,Male,Semi-Finals
2018,2018 Brazilian National Jiu-Jitsu Championship,Horlando Montiero,Loss,N/A,Medium Heavyweight,Male,Semi-Finals
2018,2018 Brazilian National Jiu-Jitsu Championship,Rudson Mateus,Points,N/A,-88Kgs,Male,Semi-Finals
2018,2018 Brazilian National Jiu-Jitsu Championship,Renato Cardoso,Loss,N/A,-88Kgs,Male,Semi-Finals
2018,2018 Brazilian National Jiu-Jitsu Championship,Otavio Sousa,Win,N/A,Middleweight,Male,Semi-Finals
2018,2018 Brazilian National Jiu-Jitsu Championship,Luan Carvalho,Loss,N/A,Middleweight,Male,Semi-Finals
2018,2018 Brazilian National Jiu-Jitsu Championship,Jaime Canuto,Points,N/A,Middleweight,Male,Semi-Finals
2018,2018 Brazilian National Jiu-Jitsu Championship,Sandro Vieira,Loss,N/A,Middleweight,Male,Semi-Finals
2018,2018 Brazilian National Jiu-Jitsu Championship,Gabriel Rollo,Submission,Ezekiel,Lightweight,Male,Semi-Finals
2018,2018 Brazilian National Jiu-Jitsu Championship,Jose Carlos Sousa,Loss,N/A,Lightweight,Male,Semi-Finals
2018,2018 Brazilian National Jiu-Jitsu Championship,Michael Langhi,DQ,N/A,Lightweight,Male,Semi-Finals
2018,2018 Brazilian National Jiu-Jitsu Championship,Matheus Costa,Loss,N/A,Lightweight,Male,Semi-Finals
2018,2018 Brazilian National Jiu-Jitsu Championship,Rafael Mansur,Points,N/A,Featherweight,Male,Semi-Finals
2018,2018 Brazilian National Jiu-Jitsu Championship,Isaque Paiva,Loss,N/A,Featherweight,Male,Semi-Finals
2018,2018 Brazilian National Jiu-Jitsu Championship,Rubens Charles,Win,N/A,Featherweight,Male,Semi-Finals
2018,2018 Brazilian National Jiu-Jitsu Championship,Kim Terra,Loss,N/A,Featherweight,Male,Semi-Finals
2018,2018 Brazilian National Jiu-Jitsu Championship,Renato Cardoso,Submission,Choke,Absolute Division,Male,Quarter-Finals
2018,2018 Brazilian National Jiu-Jitsu Championship,Max Gimenis,Loss,N/A,Absolute Division,Male,Quarter-Finals
2018,2018 Brazilian National Jiu-Jitsu Championship,Leandro Lo,Points,N/A,Absolute Division,Male,Quarter-Finals
2018,2018 Brazilian National Jiu-Jitsu Championship,Otavio Nalati,Loss,N/A,Absolute Division,Male,Quarter-Finals
2018,2018 Brazilian National Jiu-Jitsu Championship,Victor Honorio,Decision,N/A,Absolute Division,Male,Quarter-Finals
2018,2018 Brazilian National Jiu-Jitsu Championship,Dimitrius Souza,Loss,N/A,Absolute Division,Male,Quarter-Finals
2018,2018 Brazilian National Jiu-Jitsu Championship,Erberth Santos,Submission,Rnc,Absolute Division,Male,Quarter-Finals
2018,2018 Brazilian National Jiu-Jitsu Championship,Rodrigo Conceicao,Loss,N/A,Absolute Division,Male,Quarter-Finals
2018,2018 Brazilian National Jiu-Jitsu Championship,Victor Honorio,Submission,Lapel Choke,Ultra Heavyweight,Male,Quarter-Finals
2018,2018 Brazilian National Jiu-Jitsu Championship,Otavio Nalati,Loss,N/A,Ultra Heavyweight,Male,Quarter-Finals
2018,2018 Brazilian National Jiu-Jitsu Championship,Igor Schneider,Points,N/A,Ultra Heavyweight,Male,Quarter-Finals
2018,2018 Brazilian National Jiu-Jitsu Championship,Otavio Serafim,Loss,N/A,Ultra Heavyweight,Male,Quarter-Finals
2018,2018 Brazilian National Jiu-Jitsu Championship,Rodrigo Cavaca,Points,N/A,Super Heavyweight,Male,Quarter-Finals
2018,2018 Brazilian National Jiu-Jitsu Championship,Igor Marques,Loss,N/A,Super Heavyweight,Male,Quarter-Finals
2018,2018 Brazilian National Jiu-Jitsu Championship,Fernando Reis,Submission,Choke From The Back,Super Heavyweight,Male,Quarter-Finals
2018,2018 Brazilian National Jiu-Jitsu Championship,Rodrigo Lima,Loss,N/A,Super Heavyweight,Male,Quarter-Finals
2018,2018 Brazilian National Jiu-Jitsu Championship,Erberth Santos,Points,N/A,Super Heavyweight,Male,Quarter-Finals
2018,2018 Brazilian National Jiu-Jitsu Championship,Rodrigo Martins,Loss,N/A,Super Heavyweight,Male,Quarter-Finals
2018,2018 Brazilian National Jiu-Jitsu Championship,Vinícius “Trator” Ferreira Gazola,Win,N/A,Super Heavyweight,Male,Quarter-Finals
2018,2018 Brazilian National Jiu-Jitsu Championship,Luiz Teixeira,Loss,N/A,Super Heavyweight,Male,Quarter-Finals
2018,2018 Brazilian National Jiu-Jitsu Championship,Leandro Lo,Points,N/A,Super Heavyweight,Male,Quarter-Finals
2018,2018 Brazilian National Jiu-Jitsu Championship,Diego Lima,Loss,N/A,Super Heavyweight,Male,Quarter-Finals
2018,2018 Brazilian National Jiu-Jitsu Championship,Guilherme Augusto,Submission,Kimura,Heavyweight,Male,Quarter-Finals
2018,2018 Brazilian National Jiu-Jitsu Championship,"Marcos Alves, Jr.",Loss,N/A,Heavyweight,Male,Quarter-Finals
2018,2018 Brazilian National Jiu-Jitsu Championship,Dimitrius Souza,Win,N/A,Heavyweight,Male,Quarter-Finals
2018,2018 Brazilian National Jiu-Jitsu Championship,Ivan Tomic,Loss,N/A,Heavyweight,Male,Quarter-Finals
2018,2018 Brazilian National Jiu-Jitsu Championship,Patrick Gaudio,Points,N/A,Medium Heavyweight,Male,Quarter-Finals
2018,2018 Brazilian National Jiu-Jitsu Championship,Matheus Spirandeli,Loss,N/A,Medium Heavyweight,Male,Quarter-Finals
2018,2018 Brazilian National Jiu-Jitsu Championship,Mayssa Bastos,Submission,Armbar,49Kgs,Female,Final
2018,2018 Brazilian National Jiu-Jitsu Championship,Aline Xavier,Loss,N/A,49Kgs,Female,Final
2018,2018 European Jiu-Jitsu IBJJF Championship,Joao Gabriel Rocha,Submission,Armbar,Ultra Heavyweight,Male,Final
2018,2018 European Jiu-Jitsu IBJJF Championship,Ricardo Evangelista,Loss,N/A,Ultra Heavyweight,Male,Final
2018,2018 European Jiu-Jitsu IBJJF Championship,Leandro Lo,Points,N/A,Heavyweight,Male,Final
2018,2018 European Jiu-Jitsu IBJJF Championship,Tanner Rice,Loss,N/A,Heavyweight,Male,Final
2018,2018 European Jiu-Jitsu IBJJF Championship,Keenan Cornelius,Submission,Choke From The Back,94Kgs,Male,Final
2018,2018 European Jiu-Jitsu IBJJF Championship,Helton Jose Junior,Loss,N/A,94Kgs,Male,Final
2018,2018 European Jiu-Jitsu IBJJF Championship,Gabriel Arges,Advantage,N/A,Middleweight,Male,Final
2018,2018 European Jiu-Jitsu IBJJF Championship,Marcos Tinoco,Loss,N/A,Middleweight,Male,Final
2018,2018 European Jiu-Jitsu IBJJF Championship,Marcio Andre,Points,N/A,70Kgs,Male,Final
2018,2018 European Jiu-Jitsu IBJJF Championship,Gianni Grippo,Loss,N/A,70Kgs,Male,Final
2018,2018 European Jiu-Jitsu IBJJF Championship,Hiago Gama,Win,N/A,Rooster Weight,Male,Final
2018,2018 European Jiu-Jitsu IBJJF Championship,Cleito Soares,Loss,N/A,Rooster Weight,Male,Final
2018,2018 European Jiu-Jitsu IBJJF Championship,Tomoyuki Hashimoto,Advantage,N/A,Rooster Weight,Male,Final
2018,2018 European Jiu-Jitsu IBJJF Championship,Koji Shibamoto,Loss,N/A,Rooster Weight,Male,Final
2018,2018 European Jiu-Jitsu IBJJF Championship,Lucas Barbosa,Win,N/A,Absolute Division,Male,Semi-Finals
2018,2018 European Jiu-Jitsu IBJJF Championship,Tommy Langaker,Loss,N/A,Absolute Division,Male,Semi-Finals
2018,2018 European Jiu-Jitsu IBJJF Championship,Keenan Cornelius,Submission,Omoplata,Absolute Division,Male,Semi-Finals
2018,2018 European Jiu-Jitsu IBJJF Championship,Victor Honorio,Loss,N/A,Absolute Division,Male,Semi-Finals
2018,2018 European Jiu-Jitsu IBJJF Championship,Joao Gabriel Rocha,Points,N/A,Ultra Heavyweight,Male,Semi-Finals
2018,2018 European Jiu-Jitsu IBJJF Championship,Gustavo Elias,Loss,N/A,Ultra Heavyweight,Male,Semi-Finals
2018,2018 European Jiu-Jitsu IBJJF Championship,Ricardo Evangelista,Points,N/A,Ultra Heavyweight,Male,Semi-Finals
2018,2018 European Jiu-Jitsu IBJJF Championship,Joseph Moku,Loss,N/A,Ultra Heavyweight,Male,Semi-Finals
2018,2018 European Jiu-Jitsu IBJJF Championship,Mahamed Aly,Points,N/A,Super Heavyweight,Male,Semi-Finals
2018,2018 European Jiu-Jitsu IBJJF Championship,Jared Dopp,Loss,N/A,Super Heavyweight,Male,Semi-Finals
2018,2018 European Jiu-Jitsu IBJJF Championship,Tanner Rice,Submission,Armbar,Heavyweight,Male,Semi-Finals
2018,2018 European Jiu-Jitsu IBJJF Championship,Arnaldo Maidana,Loss,N/A,Heavyweight,Male,Semi-Finals
2018,2018 European Jiu-Jitsu IBJJF Championship,Leandro Lo,Points,N/A,Heavyweight,Male,Semi-Finals
2018,2018 European Jiu-Jitsu IBJJF Championship,Fellipe Andrew,Loss,N/A,Heavyweight,Male,Semi-Finals
2018,2018 European Jiu-Jitsu IBJJF Championship,Keenan Cornelius,Submission,Armbar,94Kgs,Male,Semi-Finals
2018,2018 European Jiu-Jitsu IBJJF Championship,Adam Wardzinski,Loss,N/A,94Kgs,Male,Semi-Finals
2018,2018 European Jiu-Jitsu IBJJF Championship,Gustavo Batista,Points,N/A,Medium Heavyweight,Male,Semi-Finals
2018,2018 European Jiu-Jitsu IBJJF Championship,Rudson Mateus,Loss,N/A,Medium Heavyweight,Male,Semi-Finals
2018,2018 European Jiu-Jitsu IBJJF Championship,Lucas Barbosa,Advantage,N/A,Medium Heavyweight,Male,Semi-Finals
2018,2018 European Jiu-Jitsu IBJJF Championship,Matheus Diniz,Loss,N/A,Medium Heavyweight,Male,Semi-Finals
2018,2018 European Jiu-Jitsu IBJJF Championship,Marcos Tinoco,Points,N/A,Middleweight,Male,Semi-Finals
2018,2018 European Jiu-Jitsu IBJJF Championship,Otavio Sousa,Loss,N/A,Middleweight,Male,Semi-Finals
2018,2018 European Jiu-Jitsu IBJJF Championship,Gabriel Arges,Submission,Triangle Choke,Middleweight,Male,Semi-Finals
2018,2018 European Jiu-Jitsu IBJJF Championship,Ygor Dantas,Loss,N/A,Middleweight,Male,Semi-Finals
2018,2018 European Jiu-Jitsu IBJJF Championship,Isaque Bahiense,Points,N/A,Middleweight,Male,Semi-Finals
2018,2018 European Jiu-Jitsu IBJJF Championship,Jaime Canuto,Loss,N/A,Middleweight,Male,Semi-Finals
2018,2018 European Jiu-Jitsu IBJJF Championship,Michael Liera Jr.,Decision,N/A,Lightweight,Male,Semi-Finals
2018,2018 European Jiu-Jitsu IBJJF Championship,Vitor Oliveira,Loss,N/A,Lightweight,Male,Semi-Finals
2018,2018 European Jiu-Jitsu IBJJF Championship,Shane Jamil Hill-Taylor,Advantage,N/A,Featherweight,Male,Semi-Finals
2018,2018 European Jiu-Jitsu IBJJF Championship,Gilson Nunes,Loss,N/A,Featherweight,Male,Semi-Finals
2018,2018 European Jiu-Jitsu IBJJF Championship,Gianni Grippo,Points,N/A,70Kgs,Male,Semi-Finals
2018,2018 European Jiu-Jitsu IBJJF Championship,Isaque Paiva,Loss,N/A,70Kgs,Male,Semi-Finals
2018,2018 European Jiu-Jitsu IBJJF Championship,Marcio Andre,Advantage,N/A,70Kgs,Male,Semi-Finals
2018,2018 European Jiu-Jitsu IBJJF Championship,Isaac Doederlein,Loss,N/A,70Kgs,Male,Semi-Finals
2018,2018 European Jiu-Jitsu IBJJF Championship,Pablo Mantovani,Points,N/A,Light Featherweight,Male,Semi-Finals
2018,2018 European Jiu-Jitsu IBJJF Championship,Rene Lopez,Loss,N/A,Light Featherweight,Male,Semi-Finals
2018,2018 European Jiu-Jitsu IBJJF Championship,Tomoyuki Hashimoto,Points,N/A,Rooster Weight,Male,Semi-Finals
2018,2018 European Jiu-Jitsu IBJJF Championship,Lucas Pinheiro,Loss,N/A,Rooster Weight,Male,Semi-Finals
2018,2018 European Jiu-Jitsu IBJJF Championship,Hiago Gama,Penalty,N/A,Rooster Weight,Male,Semi-Finals
2018,2018 European Jiu-Jitsu IBJJF Championship,Koji Shibamoto,Loss,N/A,Rooster Weight,Male,Semi-Finals
2018,2018 European Jiu-Jitsu IBJJF Championship,Koji Shibamoto,Submission,Choke From The Back,Rooster Weight,Male,Semi-Finals
2018,2018 European Jiu-Jitsu IBJJF Championship,David Herrera,Loss,N/A,Rooster Weight,Male,Semi-Finals
2018,2018 European Jiu-Jitsu IBJJF Championship,Cleito Soares,Advantage,N/A,Rooster Weight,Male,Semi-Finals
2018,2018 European Jiu-Jitsu IBJJF Championship,Vincent Nguyen,Loss,N/A,Rooster Weight,Male,Semi-Finals
2018,2018 European Jiu-Jitsu IBJJF Championship,Tommy Langaker,Submission,Triangle Arm Bar,Absolute Division,Male,Quarter-Finals
2018,2018 European Jiu-Jitsu IBJJF Championship,Renato Canuto,Loss,N/A,Absolute Division,Male,Quarter-Finals
2018,2018 European Jiu-Jitsu IBJJF Championship,Victor Honorio,Points,N/A,Absolute Division,Male,Quarter-Finals
2018,2018 European Jiu-Jitsu IBJJF Championship,Jackson Sousa,Loss,N/A,Absolute Division,Male,Quarter-Finals
2018,2018 European Jiu-Jitsu IBJJF Championship,Lucas Barbosa,Points,N/A,Absolute Division,Male,Quarter-Finals
2018,2018 European Jiu-Jitsu IBJJF Championship,Patrick Gaudio,Loss,N/A,Absolute Division,Male,Quarter-Finals
2018,2018 European Jiu-Jitsu IBJJF Championship,Keenan Cornelius,Submission,Toehold,Absolute Division,Male,Quarter-Finals
2018,2018 European Jiu-Jitsu IBJJF Championship,Ricardo Evangelista,Loss,N/A,Absolute Division,Male,Quarter-Finals
2018,2018 European Jiu-Jitsu IBJJF Championship,Isaque Bahiense,Advantage,N/A,Middleweight,Male,Quarter-Finals
2018,2018 European Jiu-Jitsu IBJJF Championship,Felipe Cesar Silva,Loss,N/A,Middleweight,Male,Quarter-Finals
2018,2018 European Jiu-Jitsu IBJJF Championship,Marcos Tinoco,Win,N/A,Middleweight,Male,Quarter-Finals
2018,2018 European Jiu-Jitsu IBJJF Championship,Tommy Langaker,Loss,N/A,Middleweight,Male,Quarter-Finals
2018,2018 European Jiu-Jitsu IBJJF Championship,Masahiro Iwasaki,Points,N/A,76Kgs,Male,Quarter-Finals
2018,2018 European Jiu-Jitsu IBJJF Championship,Renato Canuto,Loss,N/A,76Kgs,Male,Quarter-Finals
2018,2018 European Jiu-Jitsu IBJJF Championship,Gianni Grippo,Submission,Choke From The Back,70Kgs,Male,Quarter-Finals
2018,2018 European Jiu-Jitsu IBJJF Championship,Brian Mahecha,Loss,N/A,70Kgs,Male,Quarter-Finals
2018,2018 European Jiu-Jitsu IBJJF Championship,Isaac Doederlein,Points,N/A,70Kgs,Male,Quarter-Finals
2018,2018 European Jiu-Jitsu IBJJF Championship,Gabriel Marangoni,Loss,N/A,70Kgs,Male,Quarter-Finals
2018,2018 European Jiu-Jitsu IBJJF Championship,Cleito Soares,Penalty,N/A,Rooster Weight,Male,Quarter-Finals
2018,2018 European Jiu-Jitsu IBJJF Championship,Rodnei Barbosa,Loss,N/A,Rooster Weight,Male,Quarter-Finals
2018,2018 European Jiu-Jitsu IBJJF Championship,Tayane Porfirio,Points,N/A,Absolute Division,Female,Final
2018,2018 European Jiu-Jitsu IBJJF Championship,Beatriz Mesquita,Loss,N/A,Absolute Division,Female,Final
2018,2018 European Jiu-Jitsu IBJJF Championship,Tayane Porfirio,Submission,Choke,Absolute Division,Female,Semi-Finals
2018,2018 European Jiu-Jitsu IBJJF Championship,Jessica Flowers,Loss,N/A,Absolute Division,Female,Semi-Finals
2018,2018 European Jiu-Jitsu IBJJF Championship,Beatriz Mesquita,Points,N/A,Absolute Division,Female,Semi-Finals
2018,2018 European Jiu-Jitsu IBJJF Championship,Claudia Do Val,Loss,N/A,Absolute Division,Female,Semi-Finals
2018,2018 European Jiu-Jitsu IBJJF Championship,Tayane Porfirio,Submission,Choke From The Back,Absolute Division,Female,Quarter-Finals
2018,2018 European Jiu-Jitsu IBJJF Championship,Carina Santi,Loss,N/A,Absolute Division,Female,Quarter-Finals
2018,2018 European Jiu-Jitsu IBJJF Championship,Claudia Do Val,Advantage,N/A,Absolute Division,Female,Quarter-Finals
2018,2018 European Jiu-Jitsu IBJJF Championship,Bianca Basilio,Loss,N/A,Absolute Division,Female,Quarter-Finals
2018,2018 European Jiu-Jitsu IBJJF Championship,Beatriz Mesquita,Submission,Choke From The Back,Absolute Division,Female,Quarter-Finals
2018,2018 European Jiu-Jitsu IBJJF Championship,Samantha Cook,Loss,N/A,Absolute Division,Female,Quarter-Finals
2018,2018 European Jiu-Jitsu IBJJF Championship,Jessica Flowers,Submission,Choke From The Back,Absolute Division,Female,Quarter-Finals
2018,2018 European Jiu-Jitsu IBJJF Championship,Venla Luukkonen,Loss,N/A,Absolute Division,Female,Quarter-Finals
2019,2019 World Jiu-Jitsu IBJJF Championship,Marcus Almeida “Buchecha”,Submission,Double Collar Choke,Ultra Heavyweight,Male,Final
2019,2019 World Jiu-Jitsu IBJJF Championship,Ricardo Evangelista,Loss,N/A,Ultra Heavyweight,Male,Final
2019,2019 World Jiu-Jitsu IBJJF Championship,Nicholas Meregali,Submission,Double Collar Choke,Super Heavyweight,Male,Final
2019,2019 World Jiu-Jitsu IBJJF Championship,Mahamed Aly,Loss,N/A,Super Heavyweight,Male,Final
2019,2019 World Jiu-Jitsu IBJJF Championship,Kaynan Duarte,Points,N/A,Heavyweight,Male,Final
2019,2019 World Jiu-Jitsu IBJJF Championship,Leandro Lo,Loss,N/A,Heavyweight,Male,Final
2019,2019 World Jiu-Jitsu IBJJF Championship,Felipe Pena,Decision,N/A,Medium Heavyweight,Male,Final
2019,2019 World Jiu-Jitsu IBJJF Championship,Gustavo Batista,Loss,N/A,Medium Heavyweight,Male,Final
2019,2019 World Jiu-Jitsu IBJJF Championship,Gabriel Arges,Advantage,N/A,Middleweight,Male,Final
2019,2019 World Jiu-Jitsu IBJJF Championship,Isaque Bahiense,Loss,N/A,Middleweight,Male,Final
2019,2019 World Jiu-Jitsu IBJJF Championship,Lucas Lepri,Decision,N/A,Lightweight,Male,Final
2019,2019 World Jiu-Jitsu IBJJF Championship,Lucas Valente,Loss,N/A,Lightweight,Male,Final
2019,2019 World Jiu-Jitsu IBJJF Championship,Matheus Gabriel,Submission,Armlock,Featherweight,Male,Final
2019,2019 World Jiu-Jitsu IBJJF Championship,Marcio Andre,Loss,N/A,Featherweight,Male,Final
2019,2019 World Jiu-Jitsu IBJJF Championship,Mikey Musumeci,Submission,Straight Ankle Lock,Rooster Weight,Male,Final
2019,2019 World Jiu-Jitsu IBJJF Championship,Rodnei Barbosa,Loss,N/A,Rooster Weight,Male,Final
2019,2019 World Jiu-Jitsu IBJJF Championship,Leandro Lo,Decision,N/A,Absolute Division,Male,Semi-Finals
2019,2019 World Jiu-Jitsu IBJJF Championship,Keenan Cornelius,Loss,N/A,Absolute Division,Male,Semi-Finals
2019,2019 World Jiu-Jitsu IBJJF Championship,Marcus Almeida “Buchecha”,Submission,Brabo Choke,Ultra Heavyweight,Male,Semi-Finals
2019,2019 World Jiu-Jitsu IBJJF Championship,Max Gimenis,Loss,N/A,Ultra Heavyweight,Male,Semi-Finals
2019,2019 World Jiu-Jitsu IBJJF Championship,Ricardo Evangelista,Submission,Ezekiel Choke,Ultra Heavyweight,Male,Semi-Finals
2019,2019 World Jiu-Jitsu IBJJF Championship,Felipe Bezerra,Loss,N/A,Ultra Heavyweight,Male,Semi-Finals
2019,2019 World Jiu-Jitsu IBJJF Championship,Mahamed Aly,Points,N/A,Super Heavyweight,Male,Semi-Finals
2019,2019 World Jiu-Jitsu IBJJF Championship,Guilherme Augusto,Loss,N/A,Super Heavyweight,Male,Semi-Finals
2019,2019 World Jiu-Jitsu IBJJF Championship,Nicholas Meregali,Submission,Triangle Arm Bar,Super Heavyweight,Male,Semi-Finals
2019,2019 World Jiu-Jitsu IBJJF Championship,Luiz Panza,Loss,N/A,Super Heavyweight,Male,Semi-Finals
2019,2019 World Jiu-Jitsu IBJJF Championship,Leandro Lo,Win,N/A,Heavyweight,Male,Semi-Finals
2019,2019 World Jiu-Jitsu IBJJF Championship,Vinícius “Trator” Ferreira Gazola,Loss,N/A,Heavyweight,Male,Semi-Finals
2019,2019 World Jiu-Jitsu IBJJF Championship,Kaynan Duarte,Points,N/A,Heavyweight,Male,Semi-Finals
2019,2019 World Jiu-Jitsu IBJJF Championship,Dimitrius Souza,Loss,N/A,Heavyweight,Male,Semi-Finals
2019,2019 World Jiu-Jitsu IBJJF Championship,Felipe Pena,Points,N/A,Medium Heavyweight,Male,Semi-Finals
2019,2019 World Jiu-Jitsu IBJJF Championship,Matheus Diniz,Loss,N/A,Medium Heavyweight,Male,Semi-Finals
2019,2019 World Jiu-Jitsu IBJJF Championship,Gustavo Batista,Submission,Double Collar Choke,Medium Heavyweight,Male,Semi-Finals
2019,2019 World Jiu-Jitsu IBJJF Championship,Renato Cardoso,Loss,N/A,Medium Heavyweight,Male,Semi-Finals
2019,2019 World Jiu-Jitsu IBJJF Championship,Isaque Bahiense,Submission,Toehold,Middleweight,Male,Semi-Finals
2019,2019 World Jiu-Jitsu IBJJF Championship,Jaime Canuto,Loss,N/A,Middleweight,Male,Semi-Finals
2019,2019 World Jiu-Jitsu IBJJF Championship,Gabriel Arges,Points,N/A,Middleweight,Male,Semi-Finals
2019,2019 World Jiu-Jitsu IBJJF Championship,Marcos Tinoco,Loss,N/A,Middleweight,Male,Semi-Finals
2019,2019 World Jiu-Jitsu IBJJF Championship,Lucas Valente,Advantage,N/A,Lightweight,Male,Semi-Finals
2019,2019 World Jiu-Jitsu IBJJF Championship,Renato Canuto,Loss,N/A,Lightweight,Male,Semi-Finals
2019,2019 World Jiu-Jitsu IBJJF Championship,Lucas Lepri,Win,N/A,Lightweight,Male,Semi-Finals
2019,2019 World Jiu-Jitsu IBJJF Championship,Rodrigo Freitas,Loss,N/A,Lightweight,Male,Semi-Finals
2019,2019 World Jiu-Jitsu IBJJF Championship,Matheus Gabriel,Points,N/A,Featherweight,Male,Semi-Finals
2019,2019 World Jiu-Jitsu IBJJF Championship,Osvaldo Queixinho Moizinho,Loss,N/A,Featherweight,Male,Semi-Finals
2019,2019 World Jiu-Jitsu IBJJF Championship,Marcio Andre,Points,N/A,Featherweight,Male,Semi-Finals
2019,2019 World Jiu-Jitsu IBJJF Championship,Isaac Doederlein,Loss,N/A,Featherweight,Male,Semi-Finals
2019,2019 World Jiu-Jitsu IBJJF Championship,Rodnei Barbosa,Advantage,N/A,Rooster Weight,Male,Semi-Finals
2019,2019 World Jiu-Jitsu IBJJF Championship,Cleber Sousa,Loss,N/A,Rooster Weight,Male,Semi-Finals
2019,2019 World Jiu-Jitsu IBJJF Championship,Mikey Musumeci,Points,N/A,Rooster Weight,Male,Semi-Finals
2019,2019 World Jiu-Jitsu IBJJF Championship,Bruno Malfacine,Loss,N/A,Rooster Weight,Male,Semi-Finals
2019,2019 World Jiu-Jitsu IBJJF Championship,Leandro Lo,Submission,Triangle Arm Bar,Absolute Division,Male,Quarter-Finals
2019,2019 World Jiu-Jitsu IBJJF Championship,Luiz Panza,Loss,N/A,Absolute Division,Male,Quarter-Finals
2019,2019 World Jiu-Jitsu IBJJF Championship,Fellipe Andrew,Decision,N/A,Absolute Division,Male,Quarter-Finals
2019,2019 World Jiu-Jitsu IBJJF Championship,Vinícius “Trator” Ferreira Gazola,Loss,N/A,Absolute Division,Male,Quarter-Finals
2019,2019 World Jiu-Jitsu IBJJF Championship,Marcus Almeida “Buchecha”,Decision,N/A,Absolute Division,Male,Quarter-Finals
2019,2019 World Jiu-Jitsu IBJJF Championship,Felipe Pena,Loss,N/A,Absolute Division,Male,Quarter-Finals
2019,2019 World Jiu-Jitsu IBJJF Championship,Keenan Cornelius,Points,N/A,Absolute Division,Male,Quarter-Finals
2019,2019 World Jiu-Jitsu IBJJF Championship,Nicholas Meregali,Loss,N/A,Absolute Division,Male,Quarter-Finals
2019,2019 World Jiu-Jitsu IBJJF Championship,Felipe Bezerra,Advantage,N/A,Ultra Heavyweight,Male,Quarter-Finals
2019,2019 World Jiu-Jitsu IBJJF Championship,Victor Honorio,Loss,N/A,Ultra Heavyweight,Male,Quarter-Finals
2019,2019 World Jiu-Jitsu IBJJF Championship,Ricardo Evangelista,Submission,Toehold,Ultra Heavyweight,Male,Quarter-Finals
2019,2019 World Jiu-Jitsu IBJJF Championship,Eduardo Lopes,Loss,N/A,Ultra Heavyweight,Male,Quarter-Finals
2019,2019 World Jiu-Jitsu IBJJF Championship,Marcus Almeida “Buchecha”,Win,N/A,Ultra Heavyweight,Male,Quarter-Finals
2019,2019 World Jiu-Jitsu IBJJF Championship,Thomas McMahon,Loss,N/A,Ultra Heavyweight,Male,Quarter-Finals
2019,2019 World Jiu-Jitsu IBJJF Championship,Max Gimenis,Submission,Wrist Lock,Ultra Heavyweight,Male,Quarter-Finals
2019,2019 World Jiu-Jitsu IBJJF Championship,Renan Vieira,Loss,N/A,Ultra Heavyweight,Male,Quarter-Finals
2019,2019 World Jiu-Jitsu IBJJF Championship,Luiz Panza,Submission,Triangle,Super Heavyweight,Male,Quarter-Finals
2019,2019 World Jiu-Jitsu IBJJF Championship,Wellington Peroto,Loss,N/A,Super Heavyweight,Male,Quarter-Finals
2019,2019 World Jiu-Jitsu IBJJF Championship,Nicholas Meregali,Points,N/A,Super Heavyweight,Male,Quarter-Finals
2019,2019 World Jiu-Jitsu IBJJF Championship,Helton Jose Junior,Loss,N/A,Super Heavyweight,Male,Quarter-Finals
2019,2019 World Jiu-Jitsu IBJJF Championship,Mahamed Aly,Submission,Kimura,Super Heavyweight,Male,Quarter-Finals
2019,2019 World Jiu-Jitsu IBJJF Championship,Igor Schneider,Loss,N/A,Super Heavyweight,Male,Quarter-Finals
2019,2019 World Jiu-Jitsu IBJJF Championship,Guilherme Augusto,Points,N/A,Super Heavyweight,Male,Quarter-Finals
2019,2019 World Jiu-Jitsu IBJJF Championship,Gutemberg Pereira,Loss,N/A,Super Heavyweight,Male,Quarter-Finals
2019,2019 World Jiu-Jitsu IBJJF Championship,Kaynan Duarte,Submission,Armbar,Heavyweight,Male,Quarter-Finals
2019,2019 World Jiu-Jitsu IBJJF Championship,Adam Wardzinski,Loss,N/A,Heavyweight,Male,Quarter-Finals
2019,2019 World Jiu-Jitsu IBJJF Championship,Vinícius “Trator” Ferreira Gazola,Decision,N/A,Heavyweight,Male,Quarter-Finals
2019,2019 World Jiu-Jitsu IBJJF Championship,Patrick Gaudio,Loss,N/A,Heavyweight,Male,Quarter-Finals
2019,2019 World Jiu-Jitsu IBJJF Championship,Leandro Lo,Points,N/A,Heavyweight,Male,Quarter-Finals
2019,2019 World Jiu-Jitsu IBJJF Championship,Jackson Sousa,Loss,N/A,Heavyweight,Male,Quarter-Finals
2019,2019 World Jiu-Jitsu IBJJF Championship,Nathiely De Jesus,Win,N/A,Absolute Division,Female,Final
2019,2019 World Jiu-Jitsu IBJJF Championship,Beatriz Mesquita,Loss,N/A,Absolute Division,Female,Final
2019,2019 World Jiu-Jitsu IBJJF Championship,Claudia Do Val,Win,N/A,Super Heavyweight,Female,Final
2019,2019 World Jiu-Jitsu IBJJF Championship,Venla Luukkonen,Loss,N/A,Super Heavyweight,Female,Final
2019,2019 World Jiu-Jitsu IBJJF Championship,Nathiely De Jesus,Win,N/A,Heavyweight,Female,Final
2019,2019 World Jiu-Jitsu IBJJF Championship,Fernanda Mazzelli,Loss,N/A,Heavyweight,Female,Final
2019,2019 World Jiu-Jitsu IBJJF Championship,Andressa Cintra,Win,N/A,Medium Heavyweight,Female,Final
2019,2019 World Jiu-Jitsu IBJJF Championship,Luiza Montiero,Loss,N/A,Medium Heavyweight,Female,Final
2019,2019 World Jiu-Jitsu IBJJF Championship,Ana Carolina Vieira,Win,N/A,Middleweight,Female,Final
2019,2019 World Jiu-Jitsu IBJJF Championship,Laurah Hallock,Loss,N/A,Middleweight,Female,Final
2019,2019 World Jiu-Jitsu IBJJF Championship,Beatriz Mesquita,Win,N/A,Lightweight,Female,Final
2019,2019 World Jiu-Jitsu IBJJF Championship,Charlotte von Baumgarten,Loss,N/A,Lightweight,Female,Final
2019,2019 World Jiu-Jitsu IBJJF Championship,Ana Carolina Schmitt,Win,N/A,Featherweight,Female,Final
2019,2019 World Jiu-Jitsu IBJJF Championship,Bianca Basilio,Loss,N/A,Featherweight,Female,Final
2019,2019 World Jiu-Jitsu IBJJF Championship,Tammi Musumeci,Win,N/A,Light Featherweight,Female,Final
2019,2019 World Jiu-Jitsu IBJJF Championship,Amanda Monteiro,Loss,N/A,Light Featherweight,Female,Final
2019,2019 World Jiu-Jitsu IBJJF Championship,Mayssa Bastos,Win,N/A,Rooster Weight,Female,Final
2019,2019 World Jiu-Jitsu IBJJF Championship,Rikako Yuasa,Loss,N/A,Rooster Weight,Female,Final
2019,2019 World Jiu-Jitsu IBJJF Championship,Nathiely De Jesus,Win,N/A,Absolute Division,Female,Semi-Finals
2019,2019 World Jiu-Jitsu IBJJF Championship,Izadora Cristina Silva,Loss,N/A,Absolute Division,Female,Semi-Finals
2019,2019 World Jiu-Jitsu IBJJF Championship,Beatriz Mesquita,Win,N/A,Absolute Division,Female,Semi-Finals
2019,2019 World Jiu-Jitsu IBJJF Championship,Ana Carolina Vieira,Loss,N/A,Absolute Division,Female,Semi-Finals
2019,2019 World Jiu-Jitsu IBJJF Championship,Venla Luukkonen,Win,N/A,Super Heavyweight,Female,Semi-Finals
2019,2019 World Jiu-Jitsu IBJJF Championship,Alison Tremblay,Loss,N/A,Super Heavyweight,Female,Semi-Finals
2019,2019 World Jiu-Jitsu IBJJF Championship,Claudia Do Val,Win,N/A,Super Heavyweight,Female,Semi-Finals
2019,2019 World Jiu-Jitsu IBJJF Championship,Jessica Flowers,Loss,N/A,Super Heavyweight,Female,Semi-Finals
2019,2019 World Jiu-Jitsu IBJJF Championship,Nathiely De Jesus,Win,N/A,Heavyweight,Female,Semi-Finals
2019,2019 World Jiu-Jitsu IBJJF Championship,Izadora Cristina Silva,Loss,N/A,Heavyweight,Female,Semi-Finals
2019,2019 World Jiu-Jitsu IBJJF Championship,Fernanda Mazzelli,Win,N/A,Heavyweight,Female,Semi-Finals
2019,2019 World Jiu-Jitsu IBJJF Championship,Talita Nogueira,Loss,N/A,Heavyweight,Female,Semi-Finals
2019,2019 World Jiu-Jitsu IBJJF Championship,Luiza Montiero,Win,N/A,Medium Heavyweight,Female,Semi-Finals
2019,2019 World Jiu-Jitsu IBJJF Championship,Melissa Stricker Cueto,Loss,N/A,Medium Heavyweight,Female,Semi-Finals
2019,2019 World Jiu-Jitsu IBJJF Championship,Andressa Cintra,Win,N/A,Medium Heavyweight,Female,Semi-Finals
2019,2019 World Jiu-Jitsu IBJJF Championship,Rafaela Maria Pires Bertolotti da Silva,Loss,N/A,Medium Heavyweight,Female,Semi-Finals
2019,2019 World Jiu-Jitsu IBJJF Championship,Ana Carolina Vieira,Win,N/A,Middleweight,Female,Semi-Finals
2019,2019 World Jiu-Jitsu IBJJF Championship,Jessica Swanson,Loss,N/A,Middleweight,Female,Semi-Finals
2019,2019 World Jiu-Jitsu IBJJF Championship,Laurah Hallock,Win,N/A,Middleweight,Female,Semi-Finals
2019,2019 World Jiu-Jitsu IBJJF Championship,Samantha Cook,Loss,N/A,Middleweight,Female,Semi-Finals
2019,2019 World Jiu-Jitsu IBJJF Championship,Beatriz Mesquita,Win,N/A,Lightweight,Female,Semi-Finals
2019,2019 World Jiu-Jitsu IBJJF Championship,Jena Bishop,Loss,N/A,Lightweight,Female,Semi-Finals
2019,2019 World Jiu-Jitsu IBJJF Championship,Charlotte von Baumgarten,Win,N/A,Lightweight,Female,Semi-Finals
2019,2019 World Jiu-Jitsu IBJJF Championship,Gabrielle McComb Lima,Loss,N/A,Lightweight,Female,Semi-Finals
2019,2019 World Jiu-Jitsu IBJJF Championship,Ana Carolina Schmitt,Win,N/A,Featherweight,Female,Semi-Finals
2019,2019 World Jiu-Jitsu IBJJF Championship,Ariadne Oliveira,Loss,N/A,Featherweight,Female,Semi-Finals
2019,2019 World Jiu-Jitsu IBJJF Championship,Bianca Basilio,Win,N/A,Featherweight,Female,Semi-Finals
2019,2019 World Jiu-Jitsu IBJJF Championship,Ffion Davies,Loss,N/A,Featherweight,Female,Semi-Finals
2019,2019 World Jiu-Jitsu IBJJF Championship,Tammi Musumeci,Win,N/A,Light Featherweight,Female,Semi-Finals
2019,2019 World Jiu-Jitsu IBJJF Championship,Gezary Matuda,Loss,N/A,Light Featherweight,Female,Semi-Finals
2019,2019 World Jiu-Jitsu IBJJF Championship,Amanda Monteiro,Win,N/A,Light Featherweight,Female,Semi-Finals
2019,2019 World Jiu-Jitsu IBJJF Championship,Kristina Barlaan,Loss,N/A,Light Featherweight,Female,Semi-Finals
2019,2019 World Jiu-Jitsu IBJJF Championship,Mayssa Bastos,Win,N/A,Rooster Weight,Female,Semi-Finals
2019,2019 World Jiu-Jitsu IBJJF Championship,Serena Gabrielli,Loss,N/A,Rooster Weight,Female,Semi-Finals
2019,2019 World Jiu-Jitsu IBJJF Championship,Rikako Yuasa,Win,N/A,Rooster Weight,Female,Semi-Finals
2019,2019 World Jiu-Jitsu IBJJF Championship,Thamires Aquino,Loss,N/A,Rooster Weight,Female,Semi-Finals
2019,2019 World Jiu-Jitsu IBJJF Championship,Beatriz Mesquita,Win,N/A,Absolute Division,Female,Quarter-Finals
2019,2019 World Jiu-Jitsu IBJJF Championship,Venla Luukkonen,Loss,N/A,Absolute Division,Female,Quarter-Finals
2019,2019 World Jiu-Jitsu IBJJF Championship,Nathiely De Jesus,Win,N/A,Absolute Division,Female,Quarter-Finals
2019,2019 World Jiu-Jitsu IBJJF Championship,Charlotte von Baumgarten,Loss,N/A,Absolute Division,Female,Quarter-Finals
2019,2019 World Jiu-Jitsu IBJJF Championship,Izadora Cristina Silva,Win,N/A,Absolute Division,Female,Quarter-Finals
2019,2019 World Jiu-Jitsu IBJJF Championship,Jessica Flowers,Loss,N/A,Absolute Division,Female,Quarter-Finals
2019,2019 World Jiu-Jitsu IBJJF Championship,Ana Carolina Vieira,Win,N/A,Absolute Division,Female,Quarter-Finals
2019,2019 World Jiu-Jitsu IBJJF Championship,Luiza Montiero,Loss,N/A,Absolute Division,Female,Quarter-Finals
2019,2019 World Jiu-Jitsu IBJJF Championship,Jessica Flowers,Win,N/A,Super Heavyweight,Female,Quarter-Finals
2019,2019 World Jiu-Jitsu IBJJF Championship,Elizabeth Katherine Mitrović,Loss,N/A,Super Heavyweight,Female,Quarter-Finals
2019,2019 World Jiu-Jitsu IBJJF Championship,Alison Tremblay,Win,N/A,Super Heavyweight,Female,Quarter-Finals
2019,2019 World Jiu-Jitsu IBJJF Championship,Nivia Moura,Loss,N/A,Super Heavyweight,Female,Quarter-Finals
2019,2019 World Jiu-Jitsu IBJJF Championship,Izadora Cristina Silva,Win,N/A,Heavyweight,Female,Quarter-Finals
2019,2019 World Jiu-Jitsu IBJJF Championship,Claire-France Thévenon,Loss,N/A,Heavyweight,Female,Quarter-Finals
2019,2019 World Jiu-Jitsu IBJJF Championship,Rafaela Maria Pires Bertolotti da Silva,Win,N/A,Medium Heavyweight,Female,Quarter-Finals
2019,2019 World Jiu-Jitsu IBJJF Championship,Luanna Alzuguir,Loss,N/A,Medium Heavyweight,Female,Quarter-Finals
2019,2019 World Jiu-Jitsu IBJJF Championship,Melissa Stricker Cueto,Win,N/A,Medium Heavyweight,Female,Quarter-Finals
2019,2019 World Jiu-Jitsu IBJJF Championship,Maria Malyjasiak,Loss,N/A,Medium Heavyweight,Female,Quarter-Finals
2019,2019 World Jiu-Jitsu IBJJF Championship,Andressa Cintra,Win,N/A,Medium Heavyweight,Female,Quarter-Finals
2019,2019 World Jiu-Jitsu IBJJF Championship,Sabatha Lais,Loss,N/A,Medium Heavyweight,Female,Quarter-Finals
2019,2019 World Jiu-Jitsu IBJJF Championship,Jessica Swanson,Win,N/A,Middleweight,Female,Quarter-Finals
2019,2019 World Jiu-Jitsu IBJJF Championship,Raquel Canuto,Loss,N/A,Middleweight,Female,Quarter-Finals
2019,2019 World Jiu-Jitsu IBJJF Championship,Laurah Hallock,Win,N/A,Middleweight,Female,Quarter-Finals
2019,2019 World Jiu-Jitsu IBJJF Championship,Renata Marinho,Loss,N/A,Middleweight,Female,Quarter-Finals
2019,2019 World Jiu-Jitsu IBJJF Championship,Ana Carolina Vieira,Win,N/A,Middleweight,Female,Quarter-Finals
2019,2019 World Jiu-Jitsu IBJJF Championship,Hannette Staack,Loss,N/A,Middleweight,Female,Quarter-Finals
2019,2019 Pan Jiu-Jitsu IBJJF Championship,Lucas Barbosa,Decision,N/A,Absolute Division,Male,Final
2019,2019 Pan Jiu-Jitsu IBJJF Championship,Leandro Lo,Loss,N/A,Absolute Division,Male,Final
2019,2019 Pan Jiu-Jitsu IBJJF Championship,Fellipe Andrew,Points,N/A,Super Heavyweight,Male,Final
2019,2019 Pan Jiu-Jitsu IBJJF Championship,Mahamed Aly,Loss,N/A,Super Heavyweight,Male,Final
2019,2019 Pan Jiu-Jitsu IBJJF Championship,Kaynan Duarte,Advantage,N/A,Heavyweight,Male,Final
2019,2019 Pan Jiu-Jitsu IBJJF Championship,Adam Wardzinski,Loss,N/A,Heavyweight,Male,Final
2019,2019 Pan Jiu-Jitsu IBJJF Championship,Isaque Bahiense,Points,N/A,Middleweight,Male,Final
2019,2019 Pan Jiu-Jitsu IBJJF Championship,Otavio Sousa,Loss,N/A,Middleweight,Male,Final
2019,2019 Pan Jiu-Jitsu IBJJF Championship,Levi Jones-Leary,Points,N/A,Lightweight,Male,Final
2019,2019 Pan Jiu-Jitsu IBJJF Championship,Renato Canuto,Loss,N/A,Lightweight,Male,Final
2019,2019 Pan Jiu-Jitsu IBJJF Championship,Matheus Gabriel,Loss,N/A,Featherweight,Male,Final
2019,2019 Pan Jiu-Jitsu IBJJF Championship,Shane Jamil Hill-Taylor,Points,N/A,Featherweight,Male,Final
2019,2019 Pan Jiu-Jitsu IBJJF Championship,Cleber Sousa,Decision,N/A,Rooster Weight,Male,Final
2019,2019 Pan Jiu-Jitsu IBJJF Championship,Hiago Gama,Loss,N/A,Rooster Weight,Male,Final
2019,2019 Pan Jiu-Jitsu IBJJF Championship,Lucas Barbosa,Advantage,N/A,Absolute Division,Male,Semi-Finals
2019,2019 Pan Jiu-Jitsu IBJJF Championship,Gutemberg Pereira,Loss,N/A,Absolute Division,Male,Semi-Finals
2019,2019 Pan Jiu-Jitsu IBJJF Championship,Leandro Lo,Points,N/A,Absolute Division,Male,Semi-Finals
2019,2019 Pan Jiu-Jitsu IBJJF Championship,Gustavo Batista,Loss,N/A,Absolute Division,Male,Semi-Finals
2019,2019 Pan Jiu-Jitsu IBJJF Championship,Ricardo Evangelista,Decision,N/A,Ultra Heavyweight,Male,Semi-Finals
2019,2019 Pan Jiu-Jitsu IBJJF Championship,Antonio Braga Neto,Loss,N/A,Ultra Heavyweight,Male,Semi-Finals
2019,2019 Pan Jiu-Jitsu IBJJF Championship,Max Gimenis,Points,N/A,Ultra Heavyweight,Male,Semi-Finals
2019,2019 Pan Jiu-Jitsu IBJJF Championship,Guilherme Augusto,Loss,N/A,Ultra Heavyweight,Male,Semi-Finals
2019,2019 Pan Jiu-Jitsu IBJJF Championship,Mahamed Aly,Win,N/A,Super Heavyweight,Male,Semi-Finals
2019,2019 Pan Jiu-Jitsu IBJJF Championship,Tanner Rice,Loss,N/A,Super Heavyweight,Male,Semi-Finals
2019,2019 Pan Jiu-Jitsu IBJJF Championship,Fellipe Andrew,Points,N/A,Super Heavyweight,Male,Semi-Finals
2019,2019 Pan Jiu-Jitsu IBJJF Championship,Gutemberg Pereira,Loss,N/A,Super Heavyweight,Male,Semi-Finals
2019,2019 Pan Jiu-Jitsu IBJJF Championship,Adam Wardzinski,Submission,Choke,Heavyweight,Male,Semi-Finals
2019,2019 Pan Jiu-Jitsu IBJJF Championship,Leandro Lo,Loss,N/A,Heavyweight,Male,Semi-Finals
2019,2019 Pan Jiu-Jitsu IBJJF Championship,Kaynan Duarte,Submission,Toehold,Heavyweight,Male,Semi-Finals
2019,2019 Pan Jiu-Jitsu IBJJF Championship,Patrick Gaudio,Loss,N/A,Heavyweight,Male,Semi-Finals
2019,2019 Pan Jiu-Jitsu IBJJF Championship,Lucas Barbosa,Advantage,N/A,Medium Heavyweight,Male,Semi-Finals
2019,2019 Pan Jiu-Jitsu IBJJF Championship,Matheus Diniz,Loss,N/A,Medium Heavyweight,Male,Semi-Finals
2019,2019 Pan Jiu-Jitsu IBJJF Championship,Gustavo Batista,Points,N/A,Medium Heavyweight,Male,Semi-Finals
2019,2019 Pan Jiu-Jitsu IBJJF Championship,Rudson Mateus,Loss,N/A,Medium Heavyweight,Male,Semi-Finals
2019,2019 Pan Jiu-Jitsu IBJJF Championship,Otavio Sousa,Points,N/A,Middleweight,Male,Semi-Finals
2019,2019 Pan Jiu-Jitsu IBJJF Championship,Jaime Canuto,Loss,N/A,Middleweight,Male,Semi-Finals
2019,2019 Pan Jiu-Jitsu IBJJF Championship,Isaque Bahiense,Points,N/A,Middleweight,Male,Semi-Finals
2019,2019 Pan Jiu-Jitsu IBJJF Championship,Michael Liera Jr.,Loss,N/A,Middleweight,Male,Semi-Finals
2019,2019 Pan Jiu-Jitsu IBJJF Championship,Levi Jones-Leary,Penalty,N/A,Lightweight,Male,Semi-Finals
2019,2019 Pan Jiu-Jitsu IBJJF Championship,Gabriel Rollo,Loss,N/A,Lightweight,Male,Semi-Finals
2019,2019 Pan Jiu-Jitsu IBJJF Championship,Renato Canuto,Points,N/A,Lightweight,Male,Semi-Finals
2019,2019 Pan Jiu-Jitsu IBJJF Championship,Osvaldo Queixinho Moizinho,Loss,N/A,Lightweight,Male,Semi-Finals
2019,2019 Pan Jiu-Jitsu IBJJF Championship,Shane Jamil Hill-Taylor,Points,N/A,Featherweight,Male,Semi-Finals
2019,2019 Pan Jiu-Jitsu IBJJF Championship,Isaac Doederlein,Loss,N/A,Featherweight,Male,Semi-Finals
2019,2019 Pan Jiu-Jitsu IBJJF Championship,Matheus Gabriel,Points,N/A,Featherweight,Male,Semi-Finals
2019,2019 Pan Jiu-Jitsu IBJJF Championship,Rafael Mansur,Loss,N/A,Featherweight,Male,Semi-Finals
2019,2019 Pan Jiu-Jitsu IBJJF Championship,Joao Miyao,Decision,N/A,Light Featherweight,Male,Semi-Finals
2019,2019 Pan Jiu-Jitsu IBJJF Championship,Alex Sodré,Loss,N/A,Light Featherweight,Male,Semi-Finals
2019,2019 Pan Jiu-Jitsu IBJJF Championship,Hiago Gama,Advantage,N/A,Rooster Weight,Male,Semi-Finals
2019,2019 Pan Jiu-Jitsu IBJJF Championship,Koji Shibamoto,Loss,N/A,Rooster Weight,Male,Semi-Finals
2019,2019 Pan Jiu-Jitsu IBJJF Championship,Cleber Sousa,Points,N/A,Rooster Weight,Male,Semi-Finals
2019,2019 Pan Jiu-Jitsu IBJJF Championship,Nobushiro Sawada,Loss,N/A,Rooster Weight,Male,Semi-Finals
2019,2019 Pan Jiu-Jitsu IBJJF Championship,Gustavo Batista,Submission,Rnc,Absolute Division,Male,Quarter-Finals
2019,2019 Pan Jiu-Jitsu IBJJF Championship,Francisco Sinistro Iturralde,Loss,N/A,Absolute Division,Male,Quarter-Finals
2019,2019 Pan Jiu-Jitsu IBJJF Championship,Leandro Lo,Decision,N/A,Absolute Division,Male,Quarter-Finals
2019,2019 Pan Jiu-Jitsu IBJJF Championship,Rudson Mateus,Loss,N/A,Absolute Division,Male,Quarter-Finals
2019,2019 Pan Jiu-Jitsu IBJJF Championship,Gutemberg Pereira,Points,N/A,Absolute Division,Male,Quarter-Finals
2019,2019 Pan Jiu-Jitsu IBJJF Championship,Mahamed Aly,Loss,N/A,Absolute Division,Male,Quarter-Finals
2019,2019 Pan Jiu-Jitsu IBJJF Championship,Lucas Barbosa,Submission,Ezekiel,Absolute Division,Male,Quarter-Finals
2019,2019 Pan Jiu-Jitsu IBJJF Championship,Fellipe Andrew,Loss,N/A,Absolute Division,Male,Quarter-Finals
2019,2019 Pan Jiu-Jitsu IBJJF Championship,Max Gimenis,Points,N/A,Ultra Heavyweight,Male,Quarter-Finals
2019,2019 Pan Jiu-Jitsu IBJJF Championship,Dany Gerard,Loss,N/A,Ultra Heavyweight,Male,Quarter-Finals
2019,2019 Pan Jiu-Jitsu IBJJF Championship,Guilherme Augusto,Decision,N/A,Ultra Heavyweight,Male,Quarter-Finals
2019,2019 Pan Jiu-Jitsu IBJJF Championship,Gustavo Elias,Loss,N/A,Ultra Heavyweight,Male,Quarter-Finals
2019,2019 Pan Jiu-Jitsu IBJJF Championship,Antonio Braga Neto,Points,N/A,Ultra Heavyweight,Male,Quarter-Finals
2019,2019 Pan Jiu-Jitsu IBJJF Championship,Pedro Paulo Agrizzi,Loss,N/A,Ultra Heavyweight,Male,Quarter-Finals
2019,2019 Pan Jiu-Jitsu IBJJF Championship,Tanner Rice,Decision,N/A,Super Heavyweight,Male,Quarter-Finals
2019,2019 Pan Jiu-Jitsu IBJJF Championship,James Puopolo,Loss,N/A,Super Heavyweight,Male,Quarter-Finals
2019,2019 Pan Jiu-Jitsu IBJJF Championship,Mahamed Aly,Advantage,N/A,Super Heavyweight,Male,Quarter-Finals
2019,2019 Pan Jiu-Jitsu IBJJF Championship,Leonardo Nogueira,Loss,N/A,Super Heavyweight,Male,Quarter-Finals
2019,2019 Pan Jiu-Jitsu IBJJF Championship,Gutemberg Pereira,Points,N/A,Super Heavyweight,Male,Quarter-Finals
2019,2019 Pan Jiu-Jitsu IBJJF Championship,Helton Jose Junior,Loss,N/A,Super Heavyweight,Male,Quarter-Finals
2019,2019 Pan Jiu-Jitsu IBJJF Championship,Fellipe Andrew,Submission,Ankle Lock,Super Heavyweight,Male,Quarter-Finals
2019,2019 Pan Jiu-Jitsu IBJJF Championship,Fernando Reis,Loss,N/A,Super Heavyweight,Male,Quarter-Finals
2019,2019 Pan Jiu-Jitsu IBJJF Championship,Kaynan Duarte,Points,N/A,Heavyweight,Male,Quarter-Finals
2019,2019 Pan Jiu-Jitsu IBJJF Championship,Arnaldo Maidana,Loss,N/A,Heavyweight,Male,Quarter-Finals
2019,2019 Pan Jiu-Jitsu IBJJF Championship,Leandro Lo,Points,N/A,Heavyweight,Male,Quarter-Finals
2019,2019 Pan Jiu-Jitsu IBJJF Championship,Vinícius “Trator” Ferreira Gazola,Points,N/A,Heavyweight,Male,Quarter-Finals
2019,2019 Pan Jiu-Jitsu IBJJF Championship,Patrick Gaudio,Points,N/A,Heavyweight,Male,Quarter-Finals
2019,2019 Pan Jiu-Jitsu IBJJF Championship,Aaron “Tex” Johnson,Loss,N/A,Heavyweight,Male,Quarter-Finals
2019,2019 European Jiu-Jitsu IBJJF Championship,Gustavo Batista,Win,N/A,Absolute Division,Male,Final
2019,2019 European Jiu-Jitsu IBJJF Championship,Lucas Lepri,Loss,N/A,Absolute Division,Male,Final
2019,2019 European Jiu-Jitsu IBJJF Championship,Victor Honorio,Win,N/A,Ultra Heavyweight,Male,Final
2019,2019 European Jiu-Jitsu IBJJF Championship,Tanner Rice,Loss,N/A,Ultra Heavyweight,Male,Final
2019,2019 European Jiu-Jitsu IBJJF Championship,Fellipe Andrew,Win,N/A,Super Heavyweight,Male,Final
2019,2019 European Jiu-Jitsu IBJJF Championship,Helton Jose Junior,Loss,N/A,Super Heavyweight,Male,Final
2019,2019 European Jiu-Jitsu IBJJF Championship,Rudson Mateus,Win,N/A,Medium Heavyweight,Male,Final
2019,2019 European Jiu-Jitsu IBJJF Championship,Gabriel Almeida,Loss,N/A,Medium Heavyweight,Male,Final
2019,2019 European Jiu-Jitsu IBJJF Championship,Isaque Bahiense,Win,N/A,Middleweight,Male,Final
2019,2019 European Jiu-Jitsu IBJJF Championship,Tommy Langaker,Loss,N/A,Middleweight,Male,Final
2019,2019 European Jiu-Jitsu IBJJF Championship,Levi Jones-Leary,Win,N/A,Lightweight,Male,Final
2019,2019 European Jiu-Jitsu IBJJF Championship,Lucas Lepri,Loss,N/A,Lightweight,Male,Final
2019,2019 European Jiu-Jitsu IBJJF Championship,Paulo Miyao,Win,N/A,Featherweight,Male,Final
2019,2019 European Jiu-Jitsu IBJJF Championship,Isaac Doederlein,Loss,N/A,Featherweight,Male,Final
2019,2019 European Jiu-Jitsu IBJJF Championship,Rodnei Barbosa,Win,N/A,Rooster Weight,Male,Final
2019,2019 European Jiu-Jitsu IBJJF Championship,Tomoyuki Hashimoto,Loss,N/A,Rooster Weight,Male,Final
2019,2019 European Jiu-Jitsu IBJJF Championship,Lucas Lepri,Penalty,N/A,Absolute Division,Male,Semi-Finals
2019,2019 European Jiu-Jitsu IBJJF Championship,Kaynan Duarte,Loss,N/A,Absolute Division,Male,Semi-Finals
2019,2019 European Jiu-Jitsu IBJJF Championship,Gustavo Batista,Win,N/A,Absolute Division,Male,Semi-Finals
2019,2019 European Jiu-Jitsu IBJJF Championship,Igor Schneider,Loss,N/A,Absolute Division,Male,Semi-Finals
2019,2019 European Jiu-Jitsu IBJJF Championship,Victor Honorio,Win,N/A,Ultra Heavyweight,Male,Semi-Finals
2019,2019 European Jiu-Jitsu IBJJF Championship,Seif Houmine,Loss,N/A,Ultra Heavyweight,Male,Semi-Finals
2019,2019 European Jiu-Jitsu IBJJF Championship,Tanner Rice,Win,N/A,Ultra Heavyweight,Male,Semi-Finals
2019,2019 European Jiu-Jitsu IBJJF Championship,Antonio Assef,Loss,N/A,Ultra Heavyweight,Male,Semi-Finals
2019,2019 European Jiu-Jitsu IBJJF Championship,Fellipe Andrew,Win,N/A,Super Heavyweight,Male,Semi-Finals
2019,2019 European Jiu-Jitsu IBJJF Championship,Arya Esfandmaz,Loss,N/A,Super Heavyweight,Male,Semi-Finals
2019,2019 European Jiu-Jitsu IBJJF Championship,Helton Jose Junior,Win,N/A,Super Heavyweight,Male,Semi-Finals
2019,2019 European Jiu-Jitsu IBJJF Championship,James Puopolo,Loss,N/A,Super Heavyweight,Male,Semi-Finals
2019,2019 European Jiu-Jitsu IBJJF Championship,Kaynan Duarte,Submission,Choke From The Back,Heavyweight,Male,Semi-Finals
2019,2019 European Jiu-Jitsu IBJJF Championship,Pedro Elias,Loss,N/A,Heavyweight,Male,Semi-Finals
2019,2019 European Jiu-Jitsu IBJJF Championship,Gustavo Batista,Win,N/A,Heavyweight,Male,Semi-Finals
2019,2019 European Jiu-Jitsu IBJJF Championship,Adam Wardzinski,Loss,N/A,Heavyweight,Male,Semi-Finals
2019,2019 European Jiu-Jitsu IBJJF Championship,Gabriel Almeida,Win,N/A,Medium Heavyweight,Male,Semi-Finals
2019,2019 European Jiu-Jitsu IBJJF Championship,Henrique Cardoso,Loss,N/A,Medium Heavyweight,Male,Semi-Finals
2019,2019 European Jiu-Jitsu IBJJF Championship,Rudson Mateus,Win,N/A,Medium Heavyweight,Male,Semi-Finals
2019,2019 European Jiu-Jitsu IBJJF Championship,Horlando Montiero,Loss,N/A,Medium Heavyweight,Male,Semi-Finals
2019,2019 European Jiu-Jitsu IBJJF Championship,Isaque Bahiense,Win,N/A,Middleweight,Male,Semi-Finals
2019,2019 European Jiu-Jitsu IBJJF Championship,Andris Brunovskis,Loss,N/A,Middleweight,Male,Semi-Finals
2019,2019 European Jiu-Jitsu IBJJF Championship,Tommy Langaker,Win,N/A,Middleweight,Male,Semi-Finals
2019,2019 European Jiu-Jitsu IBJJF Championship,Michael Liera Jr.,Loss,N/A,Middleweight,Male,Semi-Finals
2019,2019 European Jiu-Jitsu IBJJF Championship,Levi Jones-Leary,Win,N/A,Lightweight,Male,Semi-Finals
2019,2019 European Jiu-Jitsu IBJJF Championship,Gianni Grippo,Loss,N/A,Lightweight,Male,Semi-Finals
2019,2019 European Jiu-Jitsu IBJJF Championship,Lucas Lepri,Win,N/A,Lightweight,Male,Semi-Finals
2019,2019 European Jiu-Jitsu IBJJF Championship,Alexandre Molinaro,Loss,N/A,Lightweight,Male,Semi-Finals
2019,2019 European Jiu-Jitsu IBJJF Championship,Paulo Miyao,Win,N/A,Featherweight,Male,Semi-Finals
2019,2019 European Jiu-Jitsu IBJJF Championship,Leo Saggioro,Loss,N/A,Featherweight,Male,Semi-Finals
2019,2019 European Jiu-Jitsu IBJJF Championship,Isaac Doederlein,Win,N/A,Featherweight,Male,Semi-Finals
2019,2019 European Jiu-Jitsu IBJJF Championship,João Mendes,Loss,N/A,Featherweight,Male,Semi-Finals
2019,2019 European Jiu-Jitsu IBJJF Championship,Hiago George,Win,N/A,Light Featherweight,Male,Semi-Finals
2019,2019 European Jiu-Jitsu IBJJF Championship,Pedro Clementino,Loss,N/A,Light Featherweight,Male,Semi-Finals
2019,2019 European Jiu-Jitsu IBJJF Championship,Joao Miyao,Win,N/A,Light Featherweight,Male,Semi-Finals
2019,2019 European Jiu-Jitsu IBJJF Championship,Cleber Sousa,Loss,N/A,Light Featherweight,Male,Semi-Finals
2019,2019 European Jiu-Jitsu IBJJF Championship,Rodnei Barbosa,Win,N/A,Rooster Weight,Male,Semi-Finals
2019,2019 European Jiu-Jitsu IBJJF Championship,Carlos Alberto Oliveira da Silva,Loss,N/A,Rooster Weight,Male,Semi-Finals
2019,2019 European Jiu-Jitsu IBJJF Championship,Tomoyuki Hashimoto,Win,N/A,Rooster Weight,Male,Semi-Finals
2019,2019 European Jiu-Jitsu IBJJF Championship,Aniel Bonifacio,Loss,N/A,Rooster Weight,Male,Semi-Finals
2019,2019 European Jiu-Jitsu IBJJF Championship,Lucas Lepri,Win,N/A,Absolute Division,Male,Quarter-Finals
2019,2019 European Jiu-Jitsu IBJJF Championship,Seif Houmine,Loss,N/A,Absolute Division,Male,Quarter-Finals
2019,2019 European Jiu-Jitsu IBJJF Championship,Igor Schneider,Win,N/A,Absolute Division,Male,Quarter-Finals
2019,2019 European Jiu-Jitsu IBJJF Championship,Manuel Ribamar Filho,Loss,N/A,Absolute Division,Male,Quarter-Finals
2019,2019 European Jiu-Jitsu IBJJF Championship,Gustavo Batista,Win,N/A,Absolute Division,Male,Quarter-Finals
2019,2019 European Jiu-Jitsu IBJJF Championship,Antonio Assef,Loss,N/A,Absolute Division,Male,Quarter-Finals
2019,2019 European Jiu-Jitsu IBJJF Championship,Kaynan Duarte,Points,N/A,Absolute Division,Male,Quarter-Finals
2019,2019 European Jiu-Jitsu IBJJF Championship,Horlando Montiero,Loss,N/A,Absolute Division,Male,Quarter-Finals
2019,2019 European Jiu-Jitsu IBJJF Championship,Victor Honorio,Win,N/A,Ultra Heavyweight,Male,Quarter-Finals
2019,2019 European Jiu-Jitsu IBJJF Championship,Renan Marcel Rodrigues Vieira,Loss,N/A,Ultra Heavyweight,Male,Quarter-Finals
2019,2019 European Jiu-Jitsu IBJJF Championship,Tanner Rice,Win,N/A,Ultra Heavyweight,Male,Quarter-Finals
2019,2019 European Jiu-Jitsu IBJJF Championship,Martin Johannes Gobel,Loss,N/A,Ultra Heavyweight,Male,Quarter-Finals
2019,2019 European Jiu-Jitsu IBJJF Championship,Seif Houmine,Win,N/A,Ultra Heavyweight,Male,Quarter-Finals
2019,2019 European Jiu-Jitsu IBJJF Championship,Igor Schneider,Loss,N/A,Ultra Heavyweight,Male,Quarter-Finals
2019,2019 European Jiu-Jitsu IBJJF Championship,Antonio Assef,Win,N/A,Ultra Heavyweight,Male,Quarter-Finals
2019,2019 European Jiu-Jitsu IBJJF Championship,Otavio Nalati,Loss,N/A,Ultra Heavyweight,Male,Quarter-Finals
2019,2019 European Jiu-Jitsu IBJJF Championship,Helton Jose Junior,Win,N/A,Super Heavyweight,Male,Quarter-Finals
2019,2019 European Jiu-Jitsu IBJJF Championship,Uros Domanovic,Loss,N/A,Super Heavyweight,Male,Quarter-Finals
2019,2019 European Jiu-Jitsu IBJJF Championship,James Puopolo,Win,N/A,Super Heavyweight,Male,Quarter-Finals
2019,2019 European Jiu-Jitsu IBJJF Championship,Marek Pawel Zbrog,Loss,N/A,Super Heavyweight,Male,Quarter-Finals
2019,2019 European Jiu-Jitsu IBJJF Championship,Fellipe Andrew,Win,N/A,Super Heavyweight,Male,Quarter-Finals
2019,2019 European Jiu-Jitsu IBJJF Championship,Gerard Labinski,Loss,N/A,Super Heavyweight,Male,Quarter-Finals
2019,2019 European Jiu-Jitsu IBJJF Championship,Arya Esfandmaz,Win,N/A,Super Heavyweight,Male,Quarter-Finals
2019,2019 European Jiu-Jitsu IBJJF Championship,Ruben Araújo Fonseca,Loss,N/A,Super Heavyweight,Male,Quarter-Finals
2019,2019 European Jiu-Jitsu IBJJF Championship,Nathiely De Jesus,Win,N/A,Absolute Division,Female,Final
2019,2019 European Jiu-Jitsu IBJJF Championship,Luiza Montiero,Loss,N/A,Absolute Division,Female,Final
2019,2019 European Jiu-Jitsu IBJJF Championship,Carina Santi,Win,N/A,Super Heavyweight,Female,Final
2019,2019 European Jiu-Jitsu IBJJF Championship,Jessica Flowers,Loss,N/A,Super Heavyweight,Female,Final
2019,2019 European Jiu-Jitsu IBJJF Championship,Nathiely De Jesus,Win,N/A,Heavyweight,Female,Final
2019,2019 European Jiu-Jitsu IBJJF Championship,Claire-France Thévenon,Loss,N/A,Heavyweight,Female,Final
2019,2019 European Jiu-Jitsu IBJJF Championship,Luiza Montiero,Win,N/A,Medium Heavyweight,Female,Final
2019,2019 European Jiu-Jitsu IBJJF Championship,Claudia Do Val,Loss,N/A,Medium Heavyweight,Female,Final
2019,2019 European Jiu-Jitsu IBJJF Championship,Samantha Cook,Win,N/A,Middleweight,Female,Final
2019,2019 European Jiu-Jitsu IBJJF Championship,Glaucia Braga,Loss,N/A,Middleweight,Female,Final
2019,2019 European Jiu-Jitsu IBJJF Championship,Charlotte von Baumgarten,Win,N/A,Lightweight,Female,Final
2019,2019 European Jiu-Jitsu IBJJF Championship,Bianca Basilio,Loss,N/A,Lightweight,Female,Final
2019,2019 European Jiu-Jitsu IBJJF Championship,Ffion Davies,Win,N/A,Featherweight,Female,Final
2019,2019 European Jiu-Jitsu IBJJF Championship,Gabriela Fechter,Loss,N/A,Featherweight,Female,Final
2019,2019 European Jiu-Jitsu IBJJF Championship,Amal Amjahid,Win,N/A,Light Featherweight,Female,Final
2019,2019 European Jiu-Jitsu IBJJF Championship,Larissa Campos,Loss,N/A,Light Featherweight,Female,Final
2019,2019 European Jiu-Jitsu IBJJF Championship,Mayssa Bastos,Win,N/A,Rooster Weight,Female,Final
2019,2019 European Jiu-Jitsu IBJJF Championship,Serena Gabrielli,Loss,N/A,Rooster Weight,Female,Final
2019,2019 European Jiu-Jitsu IBJJF Championship,Luiza Montiero,Win,N/A,Absolute Division,Female,Semi-Finals
2019,2019 European Jiu-Jitsu IBJJF Championship,Claudia Do Val,Loss,N/A,Absolute Division,Female,Semi-Finals
2019,2019 European Jiu-Jitsu IBJJF Championship,Nathiely De Jesus,Win,N/A,Absolute Division,Female,Semi-Finals
2019,2019 European Jiu-Jitsu IBJJF Championship,Bianca Basilio,Loss,N/A,Absolute Division,Female,Semi-Finals
2019,2019 European Jiu-Jitsu IBJJF Championship,Jessica Flowers,Win,N/A,Super Heavyweight,Female,Semi-Finals
2019,2019 European Jiu-Jitsu IBJJF Championship,Venla Luukkonen,Loss,N/A,Super Heavyweight,Female,Semi-Finals
2019,2019 European Jiu-Jitsu IBJJF Championship,Carina Santi,Win,N/A,Super Heavyweight,Female,Semi-Finals
2019,2019 European Jiu-Jitsu IBJJF Championship,Samantha Cook,Win,N/A,Middleweight,Female,Semi-Finals
2019,2019 European Jiu-Jitsu IBJJF Championship,Tatiane Pereira dos Santos,Loss,N/A,Middleweight,Female,Semi-Finals
2019,2019 European Jiu-Jitsu IBJJF Championship,Glaucia Braga,Win,N/A,Middleweight,Female,Semi-Finals
2019,2019 European Jiu-Jitsu IBJJF Championship,Maria Eduarda Vieira Santos,Loss,N/A,Middleweight,Female,Semi-Finals
2019,2019 European Jiu-Jitsu IBJJF Championship,Bianca Basilio,Win,N/A,Lightweight,Female,Semi-Finals
2019,2019 European Jiu-Jitsu IBJJF Championship,Christine McDonagh,Loss,N/A,Lightweight,Female,Semi-Finals
2019,2019 European Jiu-Jitsu IBJJF Championship,Charlotte von Baumgarten,Win,N/A,Lightweight,Female,Semi-Finals
2019,2019 European Jiu-Jitsu IBJJF Championship,Amandine Layec Toulon,Loss,N/A,Lightweight,Female,Semi-Finals
2019,2019 European Jiu-Jitsu IBJJF Championship,Gabriela Fechter,Win,N/A,Featherweight,Female,Semi-Finals
2019,2019 European Jiu-Jitsu IBJJF Championship,Ana Carolina Schmitt,Loss,N/A,Featherweight,Female,Semi-Finals
2019,2019 European Jiu-Jitsu IBJJF Championship,Ffion Davies,Win,N/A,Featherweight,Female,Semi-Finals
2019,2019 European Jiu-Jitsu IBJJF Championship,Gabriela Fechter,Loss,N/A,Featherweight,Female,Semi-Finals
2019,2019 European Jiu-Jitsu IBJJF Championship,Larissa Campos,Win,N/A,Light Featherweight,Female,Semi-Finals
2019,2019 European Jiu-Jitsu IBJJF Championship,Amal Amjahid,Loss,N/A,Light Featherweight,Female,Semi-Finals
2019,2019 European Jiu-Jitsu IBJJF Championship,Amal Amjahid,Win,N/A,Light Featherweight,Female,Semi-Finals
2019,2019 European Jiu-Jitsu IBJJF Championship,Emilia Tuukkanen,Loss,N/A,Light Featherweight,Female,Semi-Finals
2019,2019 European Jiu-Jitsu IBJJF Championship,Mayssa Bastos,Win,N/A,Rooster Weight,Female,Semi-Finals
2019,2019 European Jiu-Jitsu IBJJF Championship,Natalia Carriello,Loss,N/A,Rooster Weight,Female,Semi-Finals
2019,2019 European Jiu-Jitsu IBJJF Championship,Serena Gabrielli,Win,N/A,Rooster Weight,Female,Semi-Finals
2019,2019 European Jiu-Jitsu IBJJF Championship,Arantzazu Romero Pérez,Loss,N/A,Rooster Weight,Female,Semi-Finals
2019,2019 European Jiu-Jitsu IBJJF Championship,Luiza Montiero,Win,N/A,Absolute Division,Female,Quarter-Finals
2019,2019 European Jiu-Jitsu IBJJF Championship,Jessica Flowers,Loss,N/A,Absolute Division,Female,Quarter-Finals
2019,2019 European Jiu-Jitsu IBJJF Championship,Bianca Basilio,Win,N/A,Absolute Division,Female,Quarter-Finals
2019,2019 European Jiu-Jitsu IBJJF Championship,Carina Santi,Loss,N/A,Absolute Division,Female,Quarter-Finals
2019,2019 European Jiu-Jitsu IBJJF Championship,Nathiely De Jesus,Win,N/A,Absolute Division,Female,Quarter-Finals
2019,2019 European Jiu-Jitsu IBJJF Championship,Ana Carolina Schmitt,Loss,N/A,Absolute Division,Female,Quarter-Finals
2019,2019 European Jiu-Jitsu IBJJF Championship,Claudia Do Val,Win,N/A,Absolute Division,Female,Quarter-Finals
2020,2020 Pan Jiu-Jitsu IBJJF Championship,Fellipe Andrew,Advantage,N/A,Absolute Division,Male,Final
2020,2020 Pan Jiu-Jitsu IBJJF Championship,Gustavo Batista,Loss,N/A,Absolute Division,Male,Final
2020,2020 Pan Jiu-Jitsu IBJJF Championship,Fellipe Andrew,Points,N/A,Absolute Division,Male,Final
2020,2020 Pan Jiu-Jitsu IBJJF Championship,Murilo Santana,Loss,N/A,Absolute Division,Male,Final
2020,2020 Pan Jiu-Jitsu IBJJF Championship,Max Gimenis,Points,N/A,Ultra Heavyweight,Male,Final
2020,2020 Pan Jiu-Jitsu IBJJF Championship,Luiz Panza,Loss,N/A,Ultra Heavyweight,Male,Final
2020,2020 Pan Jiu-Jitsu IBJJF Championship,Guilherme Augusto,Points,N/A,Super Heavyweight,Male,Final
2020,2020 Pan Jiu-Jitsu IBJJF Championship,Arnaldo Maidana,Loss,N/A,Super Heavyweight,Male,Final
2020,2020 Pan Jiu-Jitsu IBJJF Championship,Gustavo Batista,Points,N/A,Heavyweight,Male,Final
2020,2020 Pan Jiu-Jitsu IBJJF Championship,Dominique Bell,Loss,N/A,Heavyweight,Male,Final
2020,2020 Pan Jiu-Jitsu IBJJF Championship,Otavio Sousa,Points,N/A,Medium Heavyweight,Male,Final
2020,2020 Pan Jiu-Jitsu IBJJF Championship,Matheus Luna,Loss,N/A,Medium Heavyweight,Male,Final
2020,2020 Pan Jiu-Jitsu IBJJF Championship,Ronaldo Junior,Points,N/A,Middleweight,Male,Final
2020,2020 Pan Jiu-Jitsu IBJJF Championship,Jackson Nagai,Loss,N/A,Middleweight,Male,Final
2020,2020 Pan Jiu-Jitsu IBJJF Championship,Johnatha Alves,Points,N/A,Lightweight,Male,Final
2020,2020 Pan Jiu-Jitsu IBJJF Championship,Michael Liera Jr.,Loss,N/A,Lightweight,Male,Final
2020,2020 Pan Jiu-Jitsu IBJJF Championship,Thiago Macedo,Points,N/A,Featherweight,Male,Final
2020,2020 Pan Jiu-Jitsu IBJJF Championship,Matheus Gabriel,Loss,N/A,Featherweight,Male,Final
2020,2020 Pan Jiu-Jitsu IBJJF Championship,Joshua Cisneros,Advantage,N/A,Light Featherweight,Male,Final
2020,2020 Pan Jiu-Jitsu IBJJF Championship,Pedro Dias,Loss,N/A,Light Featherweight,Male,Final
2020,2020 Pan Jiu-Jitsu IBJJF Championship,Lucas Pinheiro,Advantage,N/A,Rooster Weight,Male,Final
2020,2020 Pan Jiu-Jitsu IBJJF Championship,Jonas Andrade,Loss,N/A,Rooster Weight,Male,Final
2020,2020 Pan Jiu-Jitsu IBJJF Championship,Gustavo Batista,Submission,Choke From The Back,Absolute Division,Male,Semi-Finals
2020,2020 Pan Jiu-Jitsu IBJJF Championship,Max Gimenis,Loss,N/A,Absolute Division,Male,Semi-Finals
2020,2020 Pan Jiu-Jitsu IBJJF Championship,Luiz Panza,Submission,Straight Ankle Lock,Ultra Heavyweight,Male,Semi-Finals
2020,2020 Pan Jiu-Jitsu IBJJF Championship,Stuart Maddox,Loss,N/A,Ultra Heavyweight,Male,Semi-Finals
2020,2020 Pan Jiu-Jitsu IBJJF Championship,Max Gimenis,Submission,Katagatame,Ultra Heavyweight,Male,Semi-Finals
2020,2020 Pan Jiu-Jitsu IBJJF Championship,Renato Tagliari,Loss,N/A,Ultra Heavyweight,Male,Semi-Finals
2020,2020 Pan Jiu-Jitsu IBJJF Championship,Guilherme Augusto,Points,N/A,Super Heavyweight,Male,Semi-Finals
2020,2020 Pan Jiu-Jitsu IBJJF Championship,Devhonte Johnson,Loss,N/A,Super Heavyweight,Male,Semi-Finals
2020,2020 Pan Jiu-Jitsu IBJJF Championship,Arnaldo Maidana,DQ,N/A,Super Heavyweight,Male,Semi-Finals
2020,2020 Pan Jiu-Jitsu IBJJF Championship,Fellipe Andrew,Loss,N/A,Super Heavyweight,Male,Semi-Finals
2020,2020 Pan Jiu-Jitsu IBJJF Championship,Dominique Bell,Submission,Armbar,Heavyweight,Male,Semi-Finals
2020,2020 Pan Jiu-Jitsu IBJJF Championship,Horlando Montiero,Loss,N/A,Heavyweight,Male,Semi-Finals
2020,2020 Pan Jiu-Jitsu IBJJF Championship,Gustavo Batista,Submission,Armbar,Heavyweight,Male,Semi-Finals
2020,2020 Pan Jiu-Jitsu IBJJF Championship,Yuri Paiva,Loss,N/A,Heavyweight,Male,Semi-Finals
2020,2020 Pan Jiu-Jitsu IBJJF Championship,Matheus Luna,Penalty,N/A,Medium Heavyweight,Male,Semi-Finals
2020,2020 Pan Jiu-Jitsu IBJJF Championship,Manuel Ribamar Filho,Loss,N/A,Medium Heavyweight,Male,Semi-Finals
2020,2020 Pan Jiu-Jitsu IBJJF Championship,Otavio Sousa,Points,N/A,Medium Heavyweight,Male,Semi-Finals
2020,2020 Pan Jiu-Jitsu IBJJF Championship,Gabriel Almeida,Loss,N/A,Medium Heavyweight,Male,Semi-Finals
2020,2020 Pan Jiu-Jitsu IBJJF Championship,Jackson Nagai,Submission,Choke From The Back,Middleweight,Male,Semi-Finals
2020,2020 Pan Jiu-Jitsu IBJJF Championship,Guthierry Barbosa,Loss,N/A,Middleweight,Male,Semi-Finals
2020,2020 Pan Jiu-Jitsu IBJJF Championship,Ronaldo Junior,Points,N/A,Middleweight,Male,Semi-Finals
2020,2020 Pan Jiu-Jitsu IBJJF Championship,Lucas Valente,Loss,N/A,Middleweight,Male,Semi-Finals
2020,2020 Pan Jiu-Jitsu IBJJF Championship,Johnatha Alves,DQ,N/A,Lightweight,Male,Semi-Finals
2020,2020 Pan Jiu-Jitsu IBJJF Championship,Jonnatas Gracie,Loss,N/A,Lightweight,Male,Semi-Finals
2020,2020 Pan Jiu-Jitsu IBJJF Championship,Michael Liera Jr.,Points,N/A,Lightweight,Male,Semi-Finals
2020,2020 Pan Jiu-Jitsu IBJJF Championship,Renato Canuto,Loss,N/A,Lightweight,Male,Semi-Finals
2020,2020 Pan Jiu-Jitsu IBJJF Championship,Matheus Gabriel,Points,N/A,Featherweight,Male,Semi-Finals
2020,2020 Pan Jiu-Jitsu IBJJF Championship,Richar Nogueira,Loss,N/A,Featherweight,Male,Semi-Finals
2020,2020 Pan Jiu-Jitsu IBJJF Championship,Thiago Macedo,Points,N/A,Featherweight,Male,Semi-Finals
2020,2020 Pan Jiu-Jitsu IBJJF Championship,Samuel Nagai,Loss,N/A,Featherweight,Male,Semi-Finals
2020,2020 Pan Jiu-Jitsu IBJJF Championship,Joshua Cisneros,Submission,Choke From The Back,Light Featherweight,Male,Semi-Finals
2020,2020 Pan Jiu-Jitsu IBJJF Championship,Elijah Tagalog,Loss,N/A,Light Featherweight,Male,Semi-Finals
2020,2020 Pan Jiu-Jitsu IBJJF Championship,Pedro Dias,Points,N/A,Light Featherweight,Male,Semi-Finals
2020,2020 Pan Jiu-Jitsu IBJJF Championship,Taniel de Jesus,Loss,N/A,Light Featherweight,Male,Semi-Finals
2020,2020 Pan Jiu-Jitsu IBJJF Championship,Jonas Andrade,Points,N/A,Rooster Weight,Male,Semi-Finals
2020,2020 Pan Jiu-Jitsu IBJJF Championship,Rene Lopez,Loss,N/A,Rooster Weight,Male,Semi-Finals
2020,2020 Pan Jiu-Jitsu IBJJF Championship,Lucas Pinheiro,Points,N/A,Rooster Weight,Male,Semi-Finals
2020,2020 Pan Jiu-Jitsu IBJJF Championship,Willis Nunes,Loss,N/A,Rooster Weight,Male,Semi-Finals
2020,2020 Pan Jiu-Jitsu IBJJF Championship,Fellipe Andrew,Submission,Straight Ankle Lock,Absolute Division,Male,Quarter-Finals
2020,2020 Pan Jiu-Jitsu IBJJF Championship,Roberto Jimenez,Loss,N/A,Absolute Division,Male,Quarter-Finals
2020,2020 Pan Jiu-Jitsu IBJJF Championship,Murilo Santana,Points,N/A,Absolute Division,Male,Quarter-Finals
2020,2020 Pan Jiu-Jitsu IBJJF Championship,Stuart Maddox,Loss,N/A,Absolute Division,Male,Quarter-Finals
2020,2020 Pan Jiu-Jitsu IBJJF Championship,Max Gimenis,Submission,Choke From The Back,Absolute Division,Male,Quarter-Finals
2020,2020 Pan Jiu-Jitsu IBJJF Championship,Devhonte Johnson,Loss,N/A,Absolute Division,Male,Quarter-Finals
2020,2020 Pan Jiu-Jitsu IBJJF Championship,Gustavo Batista,Submission,Choke From The Back,Absolute Division,Male,Quarter-Finals
2020,2020 Pan Jiu-Jitsu IBJJF Championship,Jake Watson,Loss,N/A,Absolute Division,Male,Quarter-Finals
2020,2020 Pan Jiu-Jitsu IBJJF Championship,Stuart Maddox,Submission,Wrist Lock,Ultra Heavyweight,Male,Quarter-Finals
2020,2020 Pan Jiu-Jitsu IBJJF Championship,Leonardo Henrique D’Avila,Loss,N/A,Ultra Heavyweight,Male,Quarter-Finals
2020,2020 Pan Jiu-Jitsu IBJJF Championship,Luiz Panza,Submission,Armbar,Ultra Heavyweight,Male,Quarter-Finals
2020,2020 Pan Jiu-Jitsu IBJJF Championship,Johny Gonçalves,Loss,N/A,Ultra Heavyweight,Male,Quarter-Finals
2020,2020 Pan Jiu-Jitsu IBJJF Championship,Renato Tagliari,Points,N/A,Ultra Heavyweight,Male,Quarter-Finals
2020,2020 Pan Jiu-Jitsu IBJJF Championship,Austin Avera,Loss,N/A,Ultra Heavyweight,Male,Quarter-Finals
2020,2020 Pan Jiu-Jitsu IBJJF Championship,Fellipe Andrew,Points,N/A,Super Heavyweight,Male,Quarter-Finals
2020,2020 Pan Jiu-Jitsu IBJJF Championship,Roberto Torralbas,Loss,N/A,Super Heavyweight,Male,Quarter-Finals
2020,2020 Pan Jiu-Jitsu IBJJF Championship,Arnaldo Maidana,Submission,Cross Choke,Super Heavyweight,Male,Quarter-Finals
2020,2020 Pan Jiu-Jitsu IBJJF Championship,Charles McGuire,Loss,N/A,Super Heavyweight,Male,Quarter-Finals
2020,2020 Pan Jiu-Jitsu IBJJF Championship,Guilherme Augusto,Submission,Ezekiel,Super Heavyweight,Male,Quarter-Finals
2020,2020 Pan Jiu-Jitsu IBJJF Championship,Aaron “Tex” Johnson,Loss,N/A,Super Heavyweight,Male,Quarter-Finals
2020,2020 Pan Jiu-Jitsu IBJJF Championship,Andressa Cintra,Advantage,N/A,Medium Heavyweight,Female,Final
2020,2020 Pan Jiu-Jitsu IBJJF Championship,Maria Malyjasiak,Loss,N/A,Medium Heavyweight,Female,Final
2020,2020 Pan Jiu-Jitsu IBJJF Championship,Rafaela Ribeiro Guedes,Advantage,N/A,Middleweight,Female,Final
2020,2020 Pan Jiu-Jitsu IBJJF Championship,Claire North,Loss,N/A,Middleweight,Female,Final
2020,2020 Pan Jiu-Jitsu IBJJF Championship,Luiza Montiero,Points,N/A,Lightweight,Female,Final
2020,2020 Pan Jiu-Jitsu IBJJF Championship,Nathalie Ribeiro,Loss,N/A,Lightweight,Female,Final
2020,2020 Pan Jiu-Jitsu IBJJF Championship,Gabrielle McComb Lima,Advantage,N/A,Featherweight,Female,Final
2020,2020 Pan Jiu-Jitsu IBJJF Championship,Amanda Tubby Alequin,Loss,N/A,Featherweight,Female,Final
2020,2020 Pan Jiu-Jitsu IBJJF Championship,Mayssa Bastos,Submission,Katagatame,Light Featherweight,Female,Final
2020,2020 Pan Jiu-Jitsu IBJJF Championship,Pati Fontes,Loss,N/A,Light Featherweight,Female,Final
2020,2020 Pan Jiu-Jitsu IBJJF Championship,Luiza Montiero,Points,N/A,Absolute Division,Female,Semi-Finals
2020,2020 Pan Jiu-Jitsu IBJJF Championship,Gabrielle McComb Lima,Loss,N/A,Absolute Division,Female,Semi-Finals
2020,2020 Pan Jiu-Jitsu IBJJF Championship,Rafaela Ribeiro Guedes,Decision,N/A,Absolute Division,Female,Semi-Finals
2020,2020 Pan Jiu-Jitsu IBJJF Championship,Maria Malyjasiak,Loss,N/A,Absolute Division,Female,Semi-Finals
2020,2020 Pan Jiu-Jitsu IBJJF Championship,Kendall Marie Reusing,Advantage,N/A,Super Heavyweight,Female,Semi-Finals
2020,2020 Pan Jiu-Jitsu IBJJF Championship,Talita Nogueira,Loss,N/A,Super Heavyweight,Female,Semi-Finals
2020,2020 Pan Jiu-Jitsu IBJJF Championship,Jessica Flowers,Points,N/A,Super Heavyweight,Female,Semi-Finals
2020,2020 Pan Jiu-Jitsu IBJJF Championship,Michelle Welti,Loss,N/A,Super Heavyweight,Female,Semi-Finals
2020,2020 Pan Jiu-Jitsu IBJJF Championship,Andressa Cintra,Points,N/A,Medium Heavyweight,Female,Semi-Finals
2020,2020 Pan Jiu-Jitsu IBJJF Championship,Emilly Vasconcelos,Loss,N/A,Medium Heavyweight,Female,Semi-Finals
2020,2020 Pan Jiu-Jitsu IBJJF Championship,Maria Malyjasiak,Submission,Armbar,Medium Heavyweight,Female,Semi-Finals
2020,2020 Pan Jiu-Jitsu IBJJF Championship,Vedha Toscano,Loss,N/A,Medium Heavyweight,Female,Semi-Finals
2020,2020 Pan Jiu-Jitsu IBJJF Championship,Claire North,Points,N/A,Middleweight,Female,Semi-Finals
2020,2020 Pan Jiu-Jitsu IBJJF Championship,Brenda Ariane,Loss,N/A,Middleweight,Female,Semi-Finals
2020,2020 Pan Jiu-Jitsu IBJJF Championship,Luiza Montiero,Submission,Choke From The Back,Lightweight,Female,Semi-Finals
2020,2020 Pan Jiu-Jitsu IBJJF Championship,Natasha Quiza De Almeida,Loss,N/A,Lightweight,Female,Semi-Finals
2020,2020 Pan Jiu-Jitsu IBJJF Championship,Nathalie Ribeiro,Points,N/A,Lightweight,Female,Semi-Finals
2020,2020 Pan Jiu-Jitsu IBJJF Championship,Nikki Sullivan,Loss,N/A,Lightweight,Female,Semi-Finals
2020,2020 Pan Jiu-Jitsu IBJJF Championship,Gabrielle McComb Lima,Submission,Armbar,Featherweight,Female,Semi-Finals
2020,2020 Pan Jiu-Jitsu IBJJF Championship,Taylor Biagi,Loss,N/A,Featherweight,Female,Semi-Finals
2020,2020 Pan Jiu-Jitsu IBJJF Championship,Amanda Tubby Alequin,Points,N/A,Featherweight,Female,Semi-Finals
2020,2020 Pan Jiu-Jitsu IBJJF Championship,Lyanne Perez,Loss,N/A,Featherweight,Female,Semi-Finals
2020,2020 Pan Jiu-Jitsu IBJJF Championship,Mayssa Bastos,Points,N/A,Light Featherweight,Female,Semi-Finals
2020,2020 Pan Jiu-Jitsu IBJJF Championship,Ann Kneib,Loss,N/A,Light Featherweight,Female,Semi-Finals
2020,2020 Pan Jiu-Jitsu IBJJF Championship,Gabrielle McComb Lima,Points,N/A,Absolute Division,Female,Quarter-Finals
2020,2020 Pan Jiu-Jitsu IBJJF Championship,Talita Nogueira,Loss,N/A,Absolute Division,Female,Quarter-Finals
2020,2020 Pan Jiu-Jitsu IBJJF Championship,Luiza Montiero,Submission,Toehold,Absolute Division,Female,Quarter-Finals
2020,2020 Pan Jiu-Jitsu IBJJF Championship,Kendall Marie Reusing,Loss,N/A,Absolute Division,Female,Quarter-Finals
2020,2020 Pan Jiu-Jitsu IBJJF Championship,Maria Malyjasiak,Submission,Armbar,Absolute Division,Female,Quarter-Finals
2020,2020 Pan Jiu-Jitsu IBJJF Championship,Vedha Toscano,Loss,N/A,Absolute Division,Female,Quarter-Finals
2020,2020 Pan Jiu-Jitsu IBJJF Championship,Rafaela Ribeiro Guedes,Points,N/A,Absolute Division,Female,Quarter-Finals
2020,2020 Pan Jiu-Jitsu IBJJF Championship,Jessica Flowers,Loss,N/A,Absolute Division,Female,Quarter-Finals
2020,2020 Pan Jiu-Jitsu IBJJF Championship,Emilly Vasconcelos,Submission,Choke From The Back,Medium Heavyweight,Female,Quarter-Finals
2020,2020 Pan Jiu-Jitsu IBJJF Championship,Brenda Heller,Loss,N/A,Medium Heavyweight,Female,Quarter-Finals
2020,2020 Pan Jiu-Jitsu IBJJF Championship,Vannessa Griffin,Decision,N/A,Middleweight,Female,Quarter-Finals
2020,2020 Pan Jiu-Jitsu IBJJF Championship,Raquel Canuto,Loss,N/A,Middleweight,Female,Quarter-Finals
2020,2020 Pan Jiu-Jitsu IBJJF Championship,Rafaela Ribeiro Guedes,Points,N/A,Middleweight,Female,Quarter-Finals
2020,2020 Pan Jiu-Jitsu IBJJF Championship,Vannessa Griffin,Loss,N/A,Middleweight,Female,Quarter-Finals
2020,2020 Pan Jiu-Jitsu IBJJF Championship,Claire North,Submission,Americana,Middleweight,Female,Quarter-Finals
2020,2020 Pan Jiu-Jitsu IBJJF Championship,Melissa Stricker Cueto,Loss,N/A,Middleweight,Female,Quarter-Finals
2020,2020 European Jiu-Jitsu IBJJF Championship,Fellipe Andrew,Submission,Triangle Arm Bar,Absolute Division,Male,Final
2020,2020 European Jiu-Jitsu IBJJF Championship,Keenan Cornelius,Loss,N/A,Absolute Division,Male,Final
2020,2020 European Jiu-Jitsu IBJJF Championship,Igor Schneider,Points,N/A,Ultra Heavyweight,Male,Final
2020,2020 European Jiu-Jitsu IBJJF Championship,Seif Houmine,Loss,N/A,Ultra Heavyweight,Male,Final
2020,2020 European Jiu-Jitsu IBJJF Championship,Patrick Gaudio,Win,N/A,Super Heavyweight,Male,Final
2020,2020 European Jiu-Jitsu IBJJF Championship,Fellipe Andrew,Loss,N/A,Super Heavyweight,Male,Final
2020,2020 European Jiu-Jitsu IBJJF Championship,Keenan Cornelius,Advantage,N/A,Heavyweight,Male,Final
2020,2020 European Jiu-Jitsu IBJJF Championship,Adam Wardzinski,Loss,N/A,Heavyweight,Male,Final
2020,2020 European Jiu-Jitsu IBJJF Championship,Manuel Ribamar Filho,Injury,N/A,Medium Heavyweight,Male,Final
2020,2020 European Jiu-Jitsu IBJJF Championship,Bruno Lima,Loss,N/A,Medium Heavyweight,Male,Final
2020,2020 European Jiu-Jitsu IBJJF Championship,Tommy Langaker,Submission,Choke From The Back,Middleweight,Male,Final
2020,2020 European Jiu-Jitsu IBJJF Championship,Pedro Ramalho,Loss,N/A,Middleweight,Male,Final
2020,2020 European Jiu-Jitsu IBJJF Championship,Jonnatas Gracie,Decision,N/A,Lightweight,Male,Final
2020,2020 European Jiu-Jitsu IBJJF Championship,Vitor Oliveira,Loss,N/A,Lightweight,Male,Final
2020,2020 European Jiu-Jitsu IBJJF Championship,Isaac Doederlein,Loss,N/A,Featherweight,Male,Final
2020,2020 European Jiu-Jitsu IBJJF Championship,Leo Saggioro,Advantage,N/A,Featherweight,Male,Final
2020,2020 European Jiu-Jitsu IBJJF Championship,Mikey Musumeci,Decision,N/A,Light Featherweight,Male,Final
2020,2020 European Jiu-Jitsu IBJJF Championship,Jonas Andrade,Loss,N/A,Light Featherweight,Male,Final
2020,2020 European Jiu-Jitsu IBJJF Championship,Tomoyuki Hashimoto,DQ,N/A,Rooster Weight,Male,Final
2020,2020 European Jiu-Jitsu IBJJF Championship,Thalison Soares,Loss,N/A,Rooster Weight,Male,Final
2020,2020 European Jiu-Jitsu IBJJF Championship,Fellipe Andrew,Submission,Straight Ankle Lock,Absolute Division,Male,Semi-Finals
2020,2020 European Jiu-Jitsu IBJJF Championship,Fellipe Trovo,Loss,N/A,Absolute Division,Male,Semi-Finals
2020,2020 European Jiu-Jitsu IBJJF Championship,Keenan Cornelius,Points,N/A,Absolute Division,Male,Semi-Finals
2020,2020 European Jiu-Jitsu IBJJF Championship,Mahamed Aly,Loss,N/A,Absolute Division,Male,Semi-Finals
2020,2020 European Jiu-Jitsu IBJJF Championship,Igor Schneider,Points,N/A,Ultra Heavyweight,Male,Semi-Finals
2020,2020 European Jiu-Jitsu IBJJF Championship,Tanner Rice,Loss,N/A,Ultra Heavyweight,Male,Semi-Finals
2020,2020 European Jiu-Jitsu IBJJF Championship,Seif Houmine,Points,N/A,Ultra Heavyweight,Male,Semi-Finals
2020,2020 European Jiu-Jitsu IBJJF Championship,Mahamed Aly,Loss,N/A,Ultra Heavyweight,Male,Semi-Finals
2020,2020 European Jiu-Jitsu IBJJF Championship,Fellipe Andrew,Points,N/A,Super Heavyweight,Male,Semi-Finals
2020,2020 European Jiu-Jitsu IBJJF Championship,Gerard Labinski,Loss,N/A,Super Heavyweight,Male,Semi-Finals
2020,2020 European Jiu-Jitsu IBJJF Championship,Keenan Cornelius,Points,N/A,Heavyweight,Male,Semi-Finals
2020,2020 European Jiu-Jitsu IBJJF Championship,Jackson Sousa,Loss,N/A,Heavyweight,Male,Semi-Finals
2020,2020 European Jiu-Jitsu IBJJF Championship,Adam Wardzinski,Submission,Choke From The Back,Heavyweight,Male,Semi-Finals
2020,2020 European Jiu-Jitsu IBJJF Championship,Dimitrius Souza,Loss,N/A,Heavyweight,Male,Semi-Finals
2020,2020 European Jiu-Jitsu IBJJF Championship,Bruno Lima,Advantage,N/A,Medium Heavyweight,Male,Semi-Finals
2020,2020 European Jiu-Jitsu IBJJF Championship,Santeri Lilius,Loss,N/A,Medium Heavyweight,Male,Semi-Finals
2020,2020 European Jiu-Jitsu IBJJF Championship,Manuel Ribamar Filho,Points,N/A,Medium Heavyweight,Male,Semi-Finals
2020,2020 European Jiu-Jitsu IBJJF Championship,Jakub Zajkowski,Loss,N/A,Medium Heavyweight,Male,Semi-Finals
2020,2020 European Jiu-Jitsu IBJJF Championship,Pedro Ramalho,Advantage,N/A,Middleweight,Male,Semi-Finals
2020,2020 European Jiu-Jitsu IBJJF Championship,Alexandre Jesus,Loss,N/A,Middleweight,Male,Semi-Finals
2020,2020 European Jiu-Jitsu IBJJF Championship,Tommy Langaker,Submission,Triangle Choke,Middleweight,Male,Semi-Finals
2020,2020 European Jiu-Jitsu IBJJF Championship,Ronaldo Junior,Loss,N/A,Middleweight,Male,Semi-Finals
2020,2020 European Jiu-Jitsu IBJJF Championship,Vitor Oliveira,Advantage,N/A,Lightweight,Male,Semi-Finals
2020,2020 European Jiu-Jitsu IBJJF Championship,Pedro Veras,Loss,N/A,Lightweight,Male,Semi-Finals
2020,2020 European Jiu-Jitsu IBJJF Championship,Jonnatas Gracie,Submission,Rnc,Lightweight,Male,Semi-Finals
2020,2020 European Jiu-Jitsu IBJJF Championship,Luan Carvalho,Loss,N/A,Lightweight,Male,Semi-Finals
2020,2020 European Jiu-Jitsu IBJJF Championship,Leo Saggioro,Decision,N/A,Featherweight,Male,Semi-Finals
2020,2020 European Jiu-Jitsu IBJJF Championship,Gabriel Sousa,Loss,N/A,Featherweight,Male,Semi-Finals
2020,2020 European Jiu-Jitsu IBJJF Championship,Isaac Doederlein,Decision,N/A,Featherweight,Male,Semi-Finals
2020,2020 European Jiu-Jitsu IBJJF Championship,Alex Sodré,Loss,N/A,Featherweight,Male,Semi-Finals
2020,2020 European Jiu-Jitsu IBJJF Championship,Mikey Musumeci,Submission,Straight Ankle Lock,Light Featherweight,Male,Semi-Finals
2020,2020 European Jiu-Jitsu IBJJF Championship,Diego “Pato” Oliveira Batista,Loss,N/A,Light Featherweight,Male,Semi-Finals
2020,2020 European Jiu-Jitsu IBJJF Championship,Jonas Andrade,Points,N/A,Light Featherweight,Male,Semi-Finals
2020,2020 European Jiu-Jitsu IBJJF Championship,Bebeto Oliveira,Loss,N/A,Light Featherweight,Male,Semi-Finals
2020,2020 European Jiu-Jitsu IBJJF Championship,Tomoyuki Hashimoto,Points,N/A,Rooster Weight,Male,Semi-Finals
2020,2020 European Jiu-Jitsu IBJJF Championship,Cleber Sousa,Loss,N/A,Rooster Weight,Male,Semi-Finals
2020,2020 European Jiu-Jitsu IBJJF Championship,Thalison Soares,Points,N/A,Rooster Weight,Male,Semi-Finals
2020,2020 European Jiu-Jitsu IBJJF Championship,Koji Shibamoto,Loss,N/A,Rooster Weight,Male,Semi-Finals
2020,2020 European Jiu-Jitsu IBJJF Championship,Keenan Cornelius,Submission,Rnc,Absolute Division,Male,Quarter-Finals
2020,2020 European Jiu-Jitsu IBJJF Championship,Mathias Luna,Loss,N/A,Absolute Division,Male,Quarter-Finals
2020,2020 European Jiu-Jitsu IBJJF Championship,Fellipe Andrew,DQ,N/A,Absolute Division,Male,Quarter-Finals
2020,2020 European Jiu-Jitsu IBJJF Championship,Patrick Gaudio,Loss,N/A,Absolute Division,Male,Quarter-Finals
2020,2020 European Jiu-Jitsu IBJJF Championship,Fellipe Trovo,Submission,Choke From Crucifix,Absolute Division,Male,Quarter-Finals
2020,2020 European Jiu-Jitsu IBJJF Championship,Igor Schneider,Loss,N/A,Absolute Division,Male,Quarter-Finals
2020,2020 European Jiu-Jitsu IBJJF Championship,Mahamed Aly,Advantage,N/A,Absolute Division,Male,Quarter-Finals
2020,2020 European Jiu-Jitsu IBJJF Championship,Mikey Musumeci,Loss,N/A,Absolute Division,Male,Quarter-Finals
2020,2020 European Jiu-Jitsu IBJJF Championship,Igor Schneider,Points,N/A,Ultra Heavyweight,Male,Quarter-Finals
2020,2020 European Jiu-Jitsu IBJJF Championship,Rodrigo Ribeiro,Loss,N/A,Ultra Heavyweight,Male,Quarter-Finals
2020,2020 European Jiu-Jitsu IBJJF Championship,Seif Houmine,Submission,Cachecol Choke,Ultra Heavyweight,Male,Quarter-Finals
2020,2020 European Jiu-Jitsu IBJJF Championship,Gabriel Fedor Lucas,Loss,N/A,Ultra Heavyweight,Male,Quarter-Finals
2020,2020 European Jiu-Jitsu IBJJF Championship,Tanner Rice,Advantage,N/A,Ultra Heavyweight,Male,Quarter-Finals
2020,2020 European Jiu-Jitsu IBJJF Championship,Matheus Felipe,Loss,N/A,Ultra Heavyweight,Male,Quarter-Finals
2020,2020 European Jiu-Jitsu IBJJF Championship,Mahamed Aly,Points,N/A,Ultra Heavyweight,Male,Quarter-Finals
2020,2020 European Jiu-Jitsu IBJJF Championship,Igor Marques,Loss,N/A,Ultra Heavyweight,Male,Quarter-Finals
2020,2020 European Jiu-Jitsu IBJJF Championship,Patrick Gaudio,Points,N/A,Super Heavyweight,Male,Quarter-Finals
2020,2020 European Jiu-Jitsu IBJJF Championship,Fellipe Trovo,Loss,N/A,Super Heavyweight,Male,Quarter-Finals
2020,2020 European Jiu-Jitsu IBJJF Championship,Adam Wardzinski,Submission,Choke From The Back,Heavyweight,Male,Quarter-Finals
2020,2020 European Jiu-Jitsu IBJJF Championship,Gabriel Volante,Loss,N/A,Heavyweight,Male,Quarter-Finals
2020,2020 European Jiu-Jitsu IBJJF Championship,Keenan Cornelius,Points,N/A,Heavyweight,Male,Quarter-Finals
2020,2020 European Jiu-Jitsu IBJJF Championship,Felipe Mauricio,Loss,N/A,Heavyweight,Male,Quarter-Finals
2020,2020 European Jiu-Jitsu IBJJF Championship,Ffion Davies,Points,N/A,Absolute Division,Female,Final
2020,2020 European Jiu-Jitsu IBJJF Championship,Jessica Flowers,Loss,N/A,Absolute Division,Female,Final
2020,2020 European Jiu-Jitsu IBJJF Championship,Laura Barker,Points,N/A,Heavyweight,Female,Final
2020,2020 European Jiu-Jitsu IBJJF Championship,Magdalena Loska,Loss,N/A,Heavyweight,Female,Final
2020,2020 European Jiu-Jitsu IBJJF Championship,Sabatha Lais,Submission,Triangle Arm Bar,Medium Heavyweight,Female,Final
2020,2020 European Jiu-Jitsu IBJJF Championship,Maggie Grindatti,Loss,N/A,Medium Heavyweight,Female,Final
2020,2020 European Jiu-Jitsu IBJJF Championship,Thamara Ferreira,Win,N/A,Middleweight,Female,Final
2020,2020 European Jiu-Jitsu IBJJF Championship,Danielle Alvarez,Loss,N/A,Middleweight,Female,Final
2020,2020 European Jiu-Jitsu IBJJF Championship,Ffion Davies,Submission,Rnc,Lightweight,Female,Final
2020,2020 European Jiu-Jitsu IBJJF Championship,Charlotte von Baumgarten,Loss,N/A,Lightweight,Female,Final
2020,2020 European Jiu-Jitsu IBJJF Championship,Amal Amjahid,Advantage,N/A,Featherweight,Female,Final
2020,2020 European Jiu-Jitsu IBJJF Championship,Larissa Campos,Loss,N/A,Featherweight,Female,Final
2020,2020 European Jiu-Jitsu IBJJF Championship,Ana Rodrigues,Advantage,N/A,Light Featherweight,Female,Final
2020,2020 European Jiu-Jitsu IBJJF Championship,Talita Alencar,Loss,N/A,Light Featherweight,Female,Final
2020,2020 European Jiu-Jitsu IBJJF Championship,Mayssa Bastos,Points,N/A,Rooster Weight,Female,Final
2020,2020 European Jiu-Jitsu IBJJF Championship,Serena Gabrielli,Loss,N/A,Rooster Weight,Female,Final
2020,2020 European Jiu-Jitsu IBJJF Championship,Jessica Flowers,Points,N/A,Absolute Division,Female,Semi-Finals
2020,2020 European Jiu-Jitsu IBJJF Championship,Vedha Toscano,Loss,N/A,Absolute Division,Female,Semi-Finals
2020,2020 European Jiu-Jitsu IBJJF Championship,Ffion Davies,Advantage,N/A,Absolute Division,Female,Semi-Finals
2020,2020 European Jiu-Jitsu IBJJF Championship,Larissa Campos,Loss,N/A,Absolute Division,Female,Semi-Finals
2020,2020 European Jiu-Jitsu IBJJF Championship,Maggie Grindatti,Points,N/A,Medium Heavyweight,Female,Semi-Finals
2020,2020 European Jiu-Jitsu IBJJF Championship,Maria Eduarda Vieira Santos,Loss,N/A,Medium Heavyweight,Female,Semi-Finals
2020,2020 European Jiu-Jitsu IBJJF Championship,Sabatha Lais,Submission,Rnc,Medium Heavyweight,Female,Semi-Finals
2020,2020 European Jiu-Jitsu IBJJF Championship,Danielle Alvarez,Points,N/A,Middleweight,Female,Semi-Finals
2020,2020 European Jiu-Jitsu IBJJF Championship,Julia Maele,Loss,N/A,Middleweight,Female,Semi-Finals
2020,2020 European Jiu-Jitsu IBJJF Championship,Thamara Ferreira,Submission,Toehold,Middleweight,Female,Semi-Finals
2020,2020 European Jiu-Jitsu IBJJF Championship,Hannah Rauch,Loss,N/A,Middleweight,Female,Semi-Finals
2020,2020 European Jiu-Jitsu IBJJF Championship,Ffion Davies,Points,N/A,Lightweight,Female,Semi-Finals
2020,2020 European Jiu-Jitsu IBJJF Championship,Nikki Sullivan,Loss,N/A,Lightweight,Female,Semi-Finals
2020,2020 European Jiu-Jitsu IBJJF Championship,Charlotte von Baumgarten,Points,N/A,Lightweight,Female,Semi-Finals
2020,2020 European Jiu-Jitsu IBJJF Championship,Nathalie Ribeiro,Loss,N/A,Lightweight,Female,Semi-Finals
2020,2020 European Jiu-Jitsu IBJJF Championship,Amal Amjahid,Advantage,N/A,Featherweight,Female,Semi-Finals
2020,2020 European Jiu-Jitsu IBJJF Championship,Gabriela Fechter,Loss,N/A,Featherweight,Female,Semi-Finals
2020,2020 European Jiu-Jitsu IBJJF Championship,Larissa Campos,Submission,Armlock,Featherweight,Female,Semi-Finals
2020,2020 European Jiu-Jitsu IBJJF Championship,Bianca Basilio,Loss,N/A,Featherweight,Female,Semi-Finals
2020,2020 European Jiu-Jitsu IBJJF Championship,Ana Rodrigues,Submission,Lapel Choke,Light Featherweight,Female,Semi-Finals
2020,2020 European Jiu-Jitsu IBJJF Championship,Rose El Sharouni,Loss,N/A,Light Featherweight,Female,Semi-Finals
2020,2020 European Jiu-Jitsu IBJJF Championship,Talita Alencar,Submission,Armbar,Light Featherweight,Female,Semi-Finals
2020,2020 European Jiu-Jitsu IBJJF Championship,Naomi Martin,Loss,N/A,Light Featherweight,Female,Semi-Finals
2020,2020 European Jiu-Jitsu IBJJF Championship,Larissa Campos,DQ,N/A,Absolute Division,Female,Quarter-Finals
2020,2020 European Jiu-Jitsu IBJJF Championship,Bianca Basilio,Loss,N/A,Absolute Division,Female,Quarter-Finals
2020,2020 European Jiu-Jitsu IBJJF Championship,Ffion Davies,Submission,Choke From The Back,Absolute Division,Female,Quarter-Finals
2020,2020 European Jiu-Jitsu IBJJF Championship,Charlotte von Baumgarten,Loss,N/A,Absolute Division,Female,Quarter-Finals
2020,2020 European Jiu-Jitsu IBJJF Championship,Ffion Davies,Submission,Armbar,Lightweight,Female,Quarter-Finals
2020,2020 European Jiu-Jitsu IBJJF Championship,Katherine Hill,Loss,N/A,Lightweight,Female,Quarter-Finals
2021,2021 World Jiu-Jitsu IBJJF Championship,Victor Hugo,Submission,Toehold,Ultra Heavyweight,Male,Final
2021,2021 World Jiu-Jitsu IBJJF Championship,Max Gimenis,Loss,N/A,Ultra Heavyweight,Male,Final
2021,2021 World Jiu-Jitsu IBJJF Championship,Erich Munis,Advantage,N/A,Super Heavyweight,Male,Final
2021,2021 World Jiu-Jitsu IBJJF Championship,Fellipe Andrew,Loss,N/A,Super Heavyweight,Male,Final
2021,2021 World Jiu-Jitsu IBJJF Championship,Kaynan Duarte,Submission,Rnc,Heavyweight,Male,Final
2021,2021 World Jiu-Jitsu IBJJF Championship,Luan Azevedo,Loss,N/A,Heavyweight,Male,Final
2021,2021 World Jiu-Jitsu IBJJF Championship,Tainan Dalpra,Points,N/A,Middleweight,Male,Final
2021,2021 World Jiu-Jitsu IBJJF Championship,Isaque Bahiense,Loss,N/A,Middleweight,Male,Final
2021,2021 World Jiu-Jitsu IBJJF Championship,Fabricio Andrey,Submission,Triangle,Featherweight,Male,Final
2021,2021 World Jiu-Jitsu IBJJF Championship,Shane Jamil Hill-Taylor,Loss,N/A,Featherweight,Male,Final
2021,2021 World Jiu-Jitsu IBJJF Championship,Diego “Pato” Oliveira Batista,Submission,Katagatame,Light Featherweight,Male,Final
2021,2021 World Jiu-Jitsu IBJJF Championship,Malachi Edmond,Loss,N/A,Light Featherweight,Male,Final
2021,2021 World Jiu-Jitsu IBJJF Championship,Mikey Musumeci,Points,N/A,Rooster Weight,Male,Final
2021,2021 World Jiu-Jitsu IBJJF Championship,Bruno Malfacine,Loss,N/A,Rooster Weight,Male,Final
2021,2021 World Jiu-Jitsu IBJJF Championship,Felipe Pena,Points,N/A,Absolute Division,Male,Semi-Finals
2021,2021 World Jiu-Jitsu IBJJF Championship,Fellipe Andrew,Loss,N/A,Absolute Division,Male,Semi-Finals
2021,2021 World Jiu-Jitsu IBJJF Championship,Nicholas Meregali,Decision,N/A,Absolute Division,Male,Semi-Finals
2021,2021 World Jiu-Jitsu IBJJF Championship,Kaynan Duarte,Loss,N/A,Absolute Division,Male,Semi-Finals
2021,2021 World Jiu-Jitsu IBJJF Championship,Max Gimenis,Points,N/A,Ultra Heavyweight,Male,Semi-Finals
2021,2021 World Jiu-Jitsu IBJJF Championship,Igor Schneider,Loss,N/A,Ultra Heavyweight,Male,Semi-Finals
2021,2021 World Jiu-Jitsu IBJJF Championship,Nicholas Meregali,Advantage,N/A,Ultra Heavyweight,Male,Semi-Finals
2021,2021 World Jiu-Jitsu IBJJF Championship,Victor Hugo,Loss,N/A,Ultra Heavyweight,Male,Semi-Finals
2021,2021 World Jiu-Jitsu IBJJF Championship,Fellipe Andrew,Points,N/A,Super Heavyweight,Male,Semi-Finals
2021,2021 World Jiu-Jitsu IBJJF Championship,Devhonte Johnson,Loss,N/A,Super Heavyweight,Male,Semi-Finals
2021,2021 World Jiu-Jitsu IBJJF Championship,Erich Munis,Advantage,N/A,Super Heavyweight,Male,Semi-Finals
2021,2021 World Jiu-Jitsu IBJJF Championship,Felipe Pena,Loss,N/A,Super Heavyweight,Male,Semi-Finals
2021,2021 World Jiu-Jitsu IBJJF Championship,Luan Azevedo,Decision,N/A,Heavyweight,Male,Semi-Finals
2021,2021 World Jiu-Jitsu IBJJF Championship,Dimitrius Souza,Loss,N/A,Heavyweight,Male,Semi-Finals
2021,2021 World Jiu-Jitsu IBJJF Championship,Kaynan Duarte,Decision,N/A,Heavyweight,Male,Semi-Finals
2021,2021 World Jiu-Jitsu IBJJF Championship,Gabriel Henrique Oliveira,Loss,N/A,Heavyweight,Male,Semi-Finals
2021,2021 World Jiu-Jitsu IBJJF Championship,Gustavo Batista,Decision,N/A,Medium Heavyweight,Male,Semi-Finals
2021,2021 World Jiu-Jitsu IBJJF Championship,Leandro Lo,Loss,N/A,Medium Heavyweight,Male,Semi-Finals
2021,2021 World Jiu-Jitsu IBJJF Championship,Lucas Barbosa,Submission,Rnc,Medium Heavyweight,Male,Semi-Finals
2021,2021 World Jiu-Jitsu IBJJF Championship,Andre Porfirio,Loss,N/A,Medium Heavyweight,Male,Semi-Finals
2021,2021 World Jiu-Jitsu IBJJF Championship,Tainan Dalpra,Submission,Choke From The Back,Middleweight,Male,Semi-Finals
2021,2021 World Jiu-Jitsu IBJJF Championship,Tommy Langaker,Loss,N/A,Middleweight,Male,Semi-Finals
2021,2021 World Jiu-Jitsu IBJJF Championship,Isaque Bahiense,Decision,N/A,Middleweight,Male,Semi-Finals
2021,2021 World Jiu-Jitsu IBJJF Championship,Jonnatas Gracie,Loss,N/A,Middleweight,Male,Semi-Finals
2021,2021 World Jiu-Jitsu IBJJF Championship,Matheus Gabriel,Decision,N/A,Lightweight,Male,Semi-Finals
2021,2021 World Jiu-Jitsu IBJJF Championship,Lucas Valente,Loss,N/A,Lightweight,Male,Semi-Finals
2021,2021 World Jiu-Jitsu IBJJF Championship,Renato Canuto,Points,N/A,Lightweight,Male,Semi-Finals
2021,2021 World Jiu-Jitsu IBJJF Championship,Murilo Amaral,Loss,N/A,Lightweight,Male,Semi-Finals
2021,2021 World Jiu-Jitsu IBJJF Championship,Shane Jamil Hill-Taylor,Points,N/A,Featherweight,Male,Semi-Finals
2021,2021 World Jiu-Jitsu IBJJF Championship,Diego Sodre,Loss,N/A,Featherweight,Male,Semi-Finals
2021,2021 World Jiu-Jitsu IBJJF Championship,Fabricio Andrey,Advantage,N/A,Featherweight,Male,Semi-Finals
2021,2021 World Jiu-Jitsu IBJJF Championship,Alex Sodré,Loss,N/A,Featherweight,Male,Semi-Finals
2021,2021 World Jiu-Jitsu IBJJF Championship,Diego “Pato” Oliveira Batista,Points,N/A,Light Featherweight,Male,Semi-Finals
2021,2021 World Jiu-Jitsu IBJJF Championship,Meyram Maquine,Loss,N/A,Light Featherweight,Male,Semi-Finals
2021,2021 World Jiu-Jitsu IBJJF Championship,Malachi Edmond,Advantage,N/A,Light Featherweight,Male,Semi-Finals
2021,2021 World Jiu-Jitsu IBJJF Championship,Rene Lopez,Loss,N/A,Light Featherweight,Male,Semi-Finals
2021,2021 World Jiu-Jitsu IBJJF Championship,Bruno Malfacine,Advantage,N/A,Rooster Weight,Male,Semi-Finals
2021,2021 World Jiu-Jitsu IBJJF Championship,Rodnei Barbosa,Loss,N/A,Rooster Weight,Male,Semi-Finals
2021,2021 World Jiu-Jitsu IBJJF Championship,Mikey Musumeci,Submission,Straight Ankle Lock,Rooster Weight,Male,Semi-Finals
2021,2021 World Jiu-Jitsu IBJJF Championship,Jonas Andrade,Loss,N/A,Rooster Weight,Male,Semi-Finals
2021,2021 World Jiu-Jitsu IBJJF Championship,Nicholas Meregali,Submission,Choke From The Back,Absolute Division,Male,Quarter-Finals
2021,2021 World Jiu-Jitsu IBJJF Championship,Max Gimenis,Loss,N/A,Absolute Division,Male,Quarter-Finals
2021,2021 World Jiu-Jitsu IBJJF Championship,Fellipe Andrew,Submission,Toehold,Absolute Division,Male,Quarter-Finals
2021,2021 World Jiu-Jitsu IBJJF Championship,Patrick Gaudio,Loss,N/A,Absolute Division,Male,Quarter-Finals
2021,2021 World Jiu-Jitsu IBJJF Championship,Nicholas Meregali,Advantage,N/A,Absolute Division,Male,Quarter-Finals
2021,2021 World Jiu-Jitsu IBJJF Championship,Victor Hugo,Loss,N/A,Absolute Division,Male,Quarter-Finals
2021,2021 World Jiu-Jitsu IBJJF Championship,Felipe Pena,Submission,Choke From The Back,Absolute Division,Male,Quarter-Finals
2021,2021 World Jiu-Jitsu IBJJF Championship,Kaynan Duarte,Submission,Guillotine,Absolute Division,Male,Quarter-Finals
2021,2021 World Jiu-Jitsu IBJJF Championship,Wallace Costa,Loss,N/A,Absolute Division,Male,Quarter-Finals
2021,2021 World Jiu-Jitsu IBJJF Championship,Victor Hugo,Submission,Triangle,Ultra Heavyweight,Male,Quarter-Finals
2021,2021 World Jiu-Jitsu IBJJF Championship,Wallace Costa,Loss,N/A,Ultra Heavyweight,Male,Quarter-Finals
2021,2021 World Jiu-Jitsu IBJJF Championship,Igor Schneider,Points,N/A,Ultra Heavyweight,Male,Quarter-Finals
2021,2021 World Jiu-Jitsu IBJJF Championship,Antonio Zuazo,Loss,N/A,Ultra Heavyweight,Male,Quarter-Finals
2021,2021 World Jiu-Jitsu IBJJF Championship,Max Gimenis,Advantage,N/A,Ultra Heavyweight,Male,Quarter-Finals
2021,2021 World Jiu-Jitsu IBJJF Championship,Luiz Panza,Loss,N/A,Ultra Heavyweight,Male,Quarter-Finals
2021,2021 World Jiu-Jitsu IBJJF Championship,Nicholas Meregali,Submission,Loop Choke,Ultra Heavyweight,Male,Quarter-Finals
2021,2021 World Jiu-Jitsu IBJJF Championship,Roberto “Cyborg” Abreu,Loss,N/A,Ultra Heavyweight,Male,Quarter-Finals
2021,2021 World Jiu-Jitsu IBJJF Championship,Devhonte Johnson,Points,N/A,Super Heavyweight,Male,Quarter-Finals
2021,2021 World Jiu-Jitsu IBJJF Championship,Fellipe Trovo,Loss,N/A,Super Heavyweight,Male,Quarter-Finals
2021,2021 World Jiu-Jitsu IBJJF Championship,Felipe Pena,Submission,Cross Choke,Super Heavyweight,Male,Quarter-Finals
2021,2021 World Jiu-Jitsu IBJJF Championship,Harryson Pereira,Loss,N/A,Super Heavyweight,Male,Quarter-Finals
2021,2021 World Jiu-Jitsu IBJJF Championship,Fellipe Andrew,Submission,Choke From Mount,Super Heavyweight,Male,Quarter-Finals
2021,2021 World Jiu-Jitsu IBJJF Championship,Marcelo Gomide,Loss,N/A,Super Heavyweight,Male,Quarter-Finals
2021,2021 World Jiu-Jitsu IBJJF Championship,Erich Munis,Submission,Triangle,Super Heavyweight,Male,Quarter-Finals
2021,2021 World Jiu-Jitsu IBJJF Championship,Josh Guerra,Loss,N/A,Super Heavyweight,Male,Quarter-Finals
2021,2021 World Jiu-Jitsu IBJJF Championship,Gabrieli Pessanha,Points,N/A,Absolute Division,Female,Final
2021,2021 World Jiu-Jitsu IBJJF Championship,Yara Soares,Loss,N/A,Absolute Division,Female,Final
2021,2021 World Jiu-Jitsu IBJJF Championship,Gabrieli Pessanha,Points,N/A,Super Heavyweight,Female,Final
2021,2021 World Jiu-Jitsu IBJJF Championship,Yara Soares,Loss,N/A,Super Heavyweight,Female,Final
2021,2021 World Jiu-Jitsu IBJJF Championship,Melissa Stricker Cueto,Win,N/A,Heavyweight,Female,Final
2021,2021 World Jiu-Jitsu IBJJF Championship,Izadora Cristina Silva,Loss,N/A,Heavyweight,Female,Final
2021,2021 World Jiu-Jitsu IBJJF Championship,Ana Carolina Vieira,Decision,N/A,Medium Heavyweight,Female,Final
2021,2021 World Jiu-Jitsu IBJJF Championship,Elisabeth Clay,Loss,N/A,Medium Heavyweight,Female,Final
2021,2021 World Jiu-Jitsu IBJJF Championship,Andressa Cintra,Advantage,N/A,Middleweight,Female,Final
2021,2021 World Jiu-Jitsu IBJJF Championship,Thamara Ferreira,Loss,N/A,Middleweight,Female,Final
2021,2021 World Jiu-Jitsu IBJJF Championship,Beatriz Mesquita,Win,N/A,Lightweight,Female,Final
2021,2021 World Jiu-Jitsu IBJJF Championship,Luiza Montiero,Loss,N/A,Lightweight,Female,Final
2021,2021 World Jiu-Jitsu IBJJF Championship,Gabi McComb,Points,N/A,Featherweight,Female,Final
2021,2021 World Jiu-Jitsu IBJJF Championship,Bianca Basilio,Loss,N/A,Featherweight,Female,Final
2021,2021 World Jiu-Jitsu IBJJF Championship,Ana Rodrigues,Points,N/A,Light Featherweight,Female,Final
2021,2021 World Jiu-Jitsu IBJJF Championship,Tammi Musumeci,Loss,N/A,Light Featherweight,Female,Final
2021,2021 World Jiu-Jitsu IBJJF Championship,Mayssa Bastos,Submission,Choke From The Back,Rooster Weight,Female,Final
2021,2021 World Jiu-Jitsu IBJJF Championship,Jessica Dantas,Loss,N/A,Rooster Weight,Female,Final
2021,2021 World Jiu-Jitsu IBJJF Championship,Gabrieli Pessanha,Advantage,N/A,Absolute Division,Female,Semi-Finals
2021,2021 World Jiu-Jitsu IBJJF Championship,Beatriz Mesquita,Loss,N/A,Absolute Division,Female,Semi-Finals
2021,2021 World Jiu-Jitsu IBJJF Championship,Yara Soares,Submission,Choke,Absolute Division,Female,Semi-Finals
2021,2021 World Jiu-Jitsu IBJJF Championship,Gabi Garcia,Loss,N/A,Absolute Division,Female,Semi-Finals
2021,2021 World Jiu-Jitsu IBJJF Championship,Yara Soares,Win,N/A,Super Heavyweight,Female,Semi-Finals
2021,2021 World Jiu-Jitsu IBJJF Championship,Mayara Montieiro Custodino,Loss,N/A,Super Heavyweight,Female,Semi-Finals
2021,2021 World Jiu-Jitsu IBJJF Championship,Gabrieli Pessanha,Submission,Choke From The Back,Super Heavyweight,Female,Semi-Finals
2021,2021 World Jiu-Jitsu IBJJF Championship,Gabi Garcia,Loss,N/A,Super Heavyweight,Female,Semi-Finals
2021,2021 World Jiu-Jitsu IBJJF Championship,Melissa Stricker Cueto,Advantage,N/A,Heavyweight,Female,Semi-Finals
2021,2021 World Jiu-Jitsu IBJJF Championship,Maggie Grindatti,Loss,N/A,Heavyweight,Female,Semi-Finals
2021,2021 World Jiu-Jitsu IBJJF Championship,Izadora Cristina Silva,Points,N/A,Heavyweight,Female,Semi-Finals
2021,2021 World Jiu-Jitsu IBJJF Championship,Maria Malyjasiak,Loss,N/A,Heavyweight,Female,Semi-Finals
2021,2021 World Jiu-Jitsu IBJJF Championship,Ana Carolina Vieira,Advantage,N/A,Medium Heavyweight,Female,Semi-Finals
2021,2021 World Jiu-Jitsu IBJJF Championship,Fernanda Cristo,Loss,N/A,Medium Heavyweight,Female,Semi-Finals
2021,2021 World Jiu-Jitsu IBJJF Championship,Elisabeth Clay,Submission,Toehold,Medium Heavyweight,Female,Semi-Finals
2021,2021 World Jiu-Jitsu IBJJF Championship,Chloe Mcnally,Loss,N/A,Medium Heavyweight,Female,Semi-Finals
2021,2021 World Jiu-Jitsu IBJJF Championship,Thamara Ferreira,Points,N/A,Middleweight,Female,Semi-Finals
2021,2021 World Jiu-Jitsu IBJJF Championship,Raquel Canuto,Loss,N/A,Middleweight,Female,Semi-Finals
2021,2021 World Jiu-Jitsu IBJJF Championship,Andressa Cintra,Win,N/A,Middleweight,Female,Semi-Finals
2021,2021 World Jiu-Jitsu IBJJF Championship,Claire North,Loss,N/A,Middleweight,Female,Semi-Finals
2021,2021 World Jiu-Jitsu IBJJF Championship,Beatriz Mesquita,Advantage,N/A,Lightweight,Female,Semi-Finals
2021,2021 World Jiu-Jitsu IBJJF Championship,Margot Ciccarelli,Loss,N/A,Lightweight,Female,Semi-Finals
2021,2021 World Jiu-Jitsu IBJJF Championship,Luiza Montiero,Win,N/A,Lightweight,Female,Semi-Finals
2021,2021 World Jiu-Jitsu IBJJF Championship,Nathalie Ribeiro,Loss,N/A,Lightweight,Female,Semi-Finals
2021,2021 World Jiu-Jitsu IBJJF Championship,Bianca Basilio,Submission,Toehold,Featherweight,Female,Semi-Finals
2021,2021 World Jiu-Jitsu IBJJF Championship,Larissa Campos,Loss,N/A,Featherweight,Female,Semi-Finals
2021,2021 World Jiu-Jitsu IBJJF Championship,Gabrielle McComb Lima,Win,N/A,Featherweight,Female,Semi-Finals
2021,2021 World Jiu-Jitsu IBJJF Championship,Gabriela Fechter,Loss,N/A,Featherweight,Female,Semi-Finals
2021,2021 World Jiu-Jitsu IBJJF Championship,Ana Rodrigues,Submission,Choke From Mount,Light Featherweight,Female,Semi-Finals
2021,2021 World Jiu-Jitsu IBJJF Championship,Jessa Khan,Loss,N/A,Light Featherweight,Female,Semi-Finals
2021,2021 World Jiu-Jitsu IBJJF Championship,Mayssa Bastos,Submission,Choke From The Back,Rooster Weight,Female,Semi-Finals
2021,2021 World Jiu-Jitsu IBJJF Championship,Brenda Larissa,Loss,N/A,Rooster Weight,Female,Semi-Finals
2021,2021 World Jiu-Jitsu IBJJF Championship,Jessica Dantas,Win,N/A,Rooster Weight,Female,Semi-Finals
2021,2021 World Jiu-Jitsu IBJJF Championship,Serena Gabrielli,Loss,N/A,Rooster Weight,Female,Semi-Finals
2021,2021 World Jiu-Jitsu IBJJF Championship,Gabrieli Pessanha,Advantage,N/A,Absolute Division,Female,Quarter-Finals
2021,2021 World Jiu-Jitsu IBJJF Championship,Bianca Basilio,Loss,N/A,Absolute Division,Female,Quarter-Finals
2021,2021 World Jiu-Jitsu IBJJF Championship,Yara Soares,Points,N/A,Absolute Division,Female,Quarter-Finals
2021,2021 World Jiu-Jitsu IBJJF Championship,Maria Malyjasiak,Loss,N/A,Absolute Division,Female,Quarter-Finals
2021,2021 World Jiu-Jitsu IBJJF Championship,Gabi Garcia,Penalty,N/A,Absolute Division,Female,Quarter-Finals
2021,2021 World Jiu-Jitsu IBJJF Championship,Ana Carolina Vieira,Loss,N/A,Absolute Division,Female,Quarter-Finals
2021,2021 World Jiu-Jitsu IBJJF Championship,Maggie Grindatti,Advantage,N/A,Heavyweight,Female,Quarter-Finals
2021,2021 World Jiu-Jitsu IBJJF Championship,Fernanda Mazzelli,Loss,N/A,Heavyweight,Female,Quarter-Finals
2021,2021 World Jiu-Jitsu IBJJF Championship,Melissa Stricker Cueto,Win,N/A,Heavyweight,Female,Quarter-Finals
2021,2021 World Jiu-Jitsu IBJJF Championship,Graciele Del Fava De Carvalho,Loss,N/A,Heavyweight,Female,Quarter-Finals
2021,2021 World Jiu-Jitsu IBJJF Championship,Izadora Cristina Silva,Win,N/A,Heavyweight,Female,Quarter-Finals
2021,2021 World Jiu-Jitsu IBJJF Championship,Claire-France Thévenon,Loss,N/A,Heavyweight,Female,Quarter-Finals
2021,2021 World Jiu-Jitsu IBJJF Championship,Maria Malyjasiak,Win,N/A,Heavyweight,Female,Quarter-Finals
2021,2021 World Jiu-Jitsu IBJJF Championship,Larissa De Almeida,Loss,N/A,Heavyweight,Female,Quarter-Finals
2021,2021 World Jiu-Jitsu IBJJF Championship,Fernanda Cristo,Win,N/A,Medium Heavyweight,Female,Quarter-Finals
2021,2021 World Jiu-Jitsu IBJJF Championship,Bridget Mceliece,Loss,N/A,Medium Heavyweight,Female,Quarter-Finals
2021,2021 World Jiu-Jitsu IBJJF Championship,Raquel Canuto,Points,N/A,Middleweight,Female,Quarter-Finals
2021,2021 World Jiu-Jitsu IBJJF Championship,Vannessa Griffin,Loss,N/A,Middleweight,Female,Quarter-Finals
2021,2021 World Jiu-Jitsu IBJJF Championship,Claire North,Points,N/A,Middleweight,Female,Quarter-Finals
2021,2021 World Jiu-Jitsu IBJJF Championship,Yuki Kaneko,Loss,N/A,Middleweight,Female,Quarter-Finals
2021,2021 World Jiu-Jitsu IBJJF Championship,Thamara Ferreira,Submission,Armbar,Middleweight,Female,Quarter-Finals
2021,2021 World Jiu-Jitsu IBJJF Championship,Liz Exell,Loss,N/A,Middleweight,Female,Quarter-Finals
2021,2021 World Jiu-Jitsu IBJJF Championship,Andressa Cintra,Points,N/A,Middleweight,Female,Quarter-Finals
2021,2021 World Jiu-Jitsu IBJJF Championship,Magdalena Loska,Loss,N/A,Middleweight,Female,Quarter-Finals
2021,2021 World Jiu-Jitsu IBJJF Championship,Luiza Montiero,Decision,N/A,Lightweight,Female,Quarter-Finals
2021,2021 World Jiu-Jitsu IBJJF Championship,Janaina Maia Lebre,Loss,N/A,Lightweight,Female,Quarter-Finals
2021,2021 World Jiu-Jitsu IBJJF Championship,Nathalie Ribeiro,Advantage,N/A,Lightweight,Female,Quarter-Finals
2021,2021 World Jiu-Jitsu IBJJF Championship,Kristin Mikkelson,Loss,N/A,Lightweight,Female,Quarter-Finals
2021,2021 Pan Jiu-Jitsu IBJJF Championship,Fellipe Andrew,Points,N/A,Absolute Division,Male,Final
2021,2021 Pan Jiu-Jitsu IBJJF Championship,Austin Baker,Loss,N/A,Absolute Division,Male,Final
2021,2021 Pan Jiu-Jitsu IBJJF Championship,Gustavo Batista,Loss,N/A,Absolute Division,Male,Final
2021,2021 Pan Jiu-Jitsu IBJJF Championship,Victor Hugo,Submission,Choke From The Back,Ultra Heavyweight,Male,Final
2021,2021 Pan Jiu-Jitsu IBJJF Championship,Rodrigo Ribeiro,Loss,N/A,Ultra Heavyweight,Male,Final
2021,2021 Pan Jiu-Jitsu IBJJF Championship,Fellipe Andrew,Points,N/A,Super Heavyweight,Male,Final
2021,2021 Pan Jiu-Jitsu IBJJF Championship,Guilherme Augusto,Loss,N/A,Super Heavyweight,Male,Final
2021,2021 Pan Jiu-Jitsu IBJJF Championship,Gustavo Batista,Advantage,N/A,Heavyweight,Male,Final
2021,2021 Pan Jiu-Jitsu IBJJF Championship,Adam Wardzinski,Loss,N/A,Heavyweight,Male,Final
2021,2021 Pan Jiu-Jitsu IBJJF Championship,Andre Porfirio,Submission,Straight Ankle Lock,Medium Heavyweight,Male,Final
2021,2021 Pan Jiu-Jitsu IBJJF Championship,Pedro Marinho,Loss,N/A,Medium Heavyweight,Male,Final
2021,2021 Pan Jiu-Jitsu IBJJF Championship,Tainan Dalpra,Points,N/A,Middleweight,Male,Final
2021,2021 Pan Jiu-Jitsu IBJJF Championship,Yago de Souza,Loss,N/A,Middleweight,Male,Final
2021,2021 Pan Jiu-Jitsu IBJJF Championship,Johnatha Alves,Points,N/A,Lightweight,Male,Final
2021,2021 Pan Jiu-Jitsu IBJJF Championship,Lucas Valente,Loss,N/A,Lightweight,Male,Final
2021,2021 Pan Jiu-Jitsu IBJJF Championship,Shane Jamil Hill-Taylor,Points,N/A,Featherweight,Male,Final
2021,2021 Pan Jiu-Jitsu IBJJF Championship,Gabriel Sousa,Loss,N/A,Featherweight,Male,Final
2021,2021 Pan Jiu-Jitsu IBJJF Championship,Livio Ribeiro,Points,N/A,Rooster Weight,Male,Final
2021,2021 Pan Jiu-Jitsu IBJJF Championship,Hiago Gama,Loss,N/A,Rooster Weight,Male,Final
2021,2021 Pan Jiu-Jitsu IBJJF Championship,Gustavo Batista,Submission,Katagatame,Absolute Division,Male,Semi-Finals
2021,2021 Pan Jiu-Jitsu IBJJF Championship,Guilherme Augusto,Loss,N/A,Absolute Division,Male,Semi-Finals
2021,2021 Pan Jiu-Jitsu IBJJF Championship,Fellipe Andrew,Points,N/A,Absolute Division,Male,Semi-Finals
2021,2021 Pan Jiu-Jitsu IBJJF Championship,Austin Baker,Loss,N/A,Absolute Division,Male,Semi-Finals
2021,2021 Pan Jiu-Jitsu IBJJF Championship,Victor Hugo,Points,N/A,Ultra Heavyweight,Male,Semi-Finals
2021,2021 Pan Jiu-Jitsu IBJJF Championship,Max Gimenis,Loss,N/A,Ultra Heavyweight,Male,Semi-Finals
2021,2021 Pan Jiu-Jitsu IBJJF Championship,Rodrigo Ribeiro,Points,N/A,Ultra Heavyweight,Male,Semi-Finals
2021,2021 Pan Jiu-Jitsu IBJJF Championship,Helton Jose Junior,Loss,N/A,Ultra Heavyweight,Male,Semi-Finals
2021,2021 Pan Jiu-Jitsu IBJJF Championship,Fellipe Andrew,Points,N/A,Super Heavyweight,Male,Semi-Finals
2021,2021 Pan Jiu-Jitsu IBJJF Championship,Davi Cabral De Souza,Loss,N/A,Super Heavyweight,Male,Semi-Finals
2021,2021 Pan Jiu-Jitsu IBJJF Championship,Guilherme Augusto,Decision,N/A,Super Heavyweight,Male,Semi-Finals
2021,2021 Pan Jiu-Jitsu IBJJF Championship,Devhonte Johnson,Loss,N/A,Super Heavyweight,Male,Semi-Finals
2021,2021 Pan Jiu-Jitsu IBJJF Championship,Adam Wardzinski,Submission,Ezekiel Choke,Heavyweight,Male,Semi-Finals
2021,2021 Pan Jiu-Jitsu IBJJF Championship,Nathan Mendelsohn,Loss,N/A,Heavyweight,Male,Semi-Finals
2021,2021 Pan Jiu-Jitsu IBJJF Championship,Gustavo Batista,Submission,Choke From Mount,Heavyweight,Male,Semi-Finals
2021,2021 Pan Jiu-Jitsu IBJJF Championship,Christopher Passerrello,Loss,N/A,Heavyweight,Male,Semi-Finals
2021,2021 Pan Jiu-Jitsu IBJJF Championship,Pedro Marinho,Submission,Guillotine,Medium Heavyweight,Male,Semi-Finals
2021,2021 Pan Jiu-Jitsu IBJJF Championship,Jaime Canuto,Loss,N/A,Medium Heavyweight,Male,Semi-Finals
2021,2021 Pan Jiu-Jitsu IBJJF Championship,Andre Porfirio,Advantage,N/A,Medium Heavyweight,Male,Semi-Finals
2021,2021 Pan Jiu-Jitsu IBJJF Championship,Manuel Ribamar Filho,Loss,N/A,Medium Heavyweight,Male,Semi-Finals
2021,2021 Pan Jiu-Jitsu IBJJF Championship,Yago de Souza,Points,N/A,Middleweight,Male,Semi-Finals
2021,2021 Pan Jiu-Jitsu IBJJF Championship,Leonardo Lara,Loss,N/A,Middleweight,Male,Semi-Finals
2021,2021 Pan Jiu-Jitsu IBJJF Championship,Tainan Dalpra,Injury,N/A,Middleweight,Male,Semi-Finals
2021,2021 Pan Jiu-Jitsu IBJJF Championship,Ronaldo Junior,Loss,N/A,Middleweight,Male,Semi-Finals
2021,2021 Pan Jiu-Jitsu IBJJF Championship,Johnatha Alves,Submission,Armbar,Lightweight,Male,Semi-Finals
2021,2021 Pan Jiu-Jitsu IBJJF Championship,Rodrigo Freitas,Loss,N/A,Lightweight,Male,Semi-Finals
2021,2021 Pan Jiu-Jitsu IBJJF Championship,Lucas Valente,Points,N/A,Lightweight,Male,Semi-Finals
2021,2021 Pan Jiu-Jitsu IBJJF Championship,Jackson Nagai,Loss,N/A,Lightweight,Male,Semi-Finals
2021,2021 Pan Jiu-Jitsu IBJJF Championship,Gabriel Sousa,Advantage,N/A,Featherweight,Male,Semi-Finals
2021,2021 Pan Jiu-Jitsu IBJJF Championship,Isaac Doederlein,Loss,N/A,Featherweight,Male,Semi-Finals
2021,2021 Pan Jiu-Jitsu IBJJF Championship,Shane Jamil Hill-Taylor,Advantage,N/A,Featherweight,Male,Semi-Finals
2021,2021 Pan Jiu-Jitsu IBJJF Championship,Fabricio Andrey,Loss,N/A,Featherweight,Male,Semi-Finals
2021,2021 Pan Jiu-Jitsu IBJJF Championship,Pedro Dias,Points,N/A,Light Featherweight,Male,Semi-Finals
2021,2021 Pan Jiu-Jitsu IBJJF Championship,Jordan Vaisman,Loss,N/A,Light Featherweight,Male,Semi-Finals
2021,2021 Pan Jiu-Jitsu IBJJF Championship,Diego “Pato” Oliveira Batista,Points,N/A,Light Featherweight,Male,Semi-Finals
2021,2021 Pan Jiu-Jitsu IBJJF Championship,Carlos Alberto Oliveira,Loss,N/A,Light Featherweight,Male,Semi-Finals
2021,2021 Pan Jiu-Jitsu IBJJF Championship,Hiago Gama,Decision,N/A,Rooster Weight,Male,Semi-Finals
2021,2021 Pan Jiu-Jitsu IBJJF Championship,Roiter Lima,Loss,N/A,Rooster Weight,Male,Semi-Finals
2021,2021 Pan Jiu-Jitsu IBJJF Championship,Livio Ribeiro,Submission,Toehold,Rooster Weight,Male,Semi-Finals
2021,2021 Pan Jiu-Jitsu IBJJF Championship,Kevin Martincowski,Loss,N/A,Rooster Weight,Male,Semi-Finals
2021,2021 Pan Jiu-Jitsu IBJJF Championship,Gustavo Batista,Submission,Choke,Absolute Division,Male,Quarter-Finals
2021,2021 Pan Jiu-Jitsu IBJJF Championship,Andre Porfirio,Loss,N/A,Absolute Division,Male,Quarter-Finals
2021,2021 Pan Jiu-Jitsu IBJJF Championship,Guilherme Augusto,Submission,Choke,Absolute Division,Male,Quarter-Finals
2021,2021 Pan Jiu-Jitsu IBJJF Championship,Max Gimenis,Loss,N/A,Absolute Division,Male,Quarter-Finals
2021,2021 Pan Jiu-Jitsu IBJJF Championship,Austin Baker,Points,N/A,Absolute Division,Male,Quarter-Finals
2021,2021 Pan Jiu-Jitsu IBJJF Championship,Mathias Luna,Loss,N/A,Absolute Division,Male,Quarter-Finals
2021,2021 Pan Jiu-Jitsu IBJJF Championship,Fellipe Andrew,Points,N/A,Absolute Division,Male,Quarter-Finals
2021,2021 Pan Jiu-Jitsu IBJJF Championship,Rafael Vasconcelos,Loss,N/A,Absolute Division,Male,Quarter-Finals
2021,2021 Pan Jiu-Jitsu IBJJF Championship,Victor Hugo,Submission,Cross Choke,Ultra Heavyweight,Male,Quarter-Finals
2021,2021 Pan Jiu-Jitsu IBJJF Championship,Leonarda D’Avila,Loss,N/A,Ultra Heavyweight,Male,Quarter-Finals
2021,2021 Pan Jiu-Jitsu IBJJF Championship,Rodrigo Ribeiro,Points,N/A,Ultra Heavyweight,Male,Quarter-Finals
2021,2021 Pan Jiu-Jitsu IBJJF Championship,Austin Baker,Loss,N/A,Ultra Heavyweight,Male,Quarter-Finals
2021,2021 Pan Jiu-Jitsu IBJJF Championship,Max Gimenis,Points,N/A,Ultra Heavyweight,Male,Quarter-Finals
2021,2021 Pan Jiu-Jitsu IBJJF Championship,AJ Agazarm,Loss,N/A,Ultra Heavyweight,Male,Quarter-Finals
2021,2021 Pan Jiu-Jitsu IBJJF Championship,Guilherme Augusto,Submission,Bread Cutter Choke,Super Heavyweight,Male,Quarter-Finals
2021,2021 Pan Jiu-Jitsu IBJJF Championship,Jackson Douglas,Loss,N/A,Super Heavyweight,Male,Quarter-Finals
2021,2021 Pan Jiu-Jitsu IBJJF Championship,Devhonte Johnson,Points,N/A,Super Heavyweight,Male,Quarter-Finals
2021,2021 Pan Jiu-Jitsu IBJJF Championship,Lucas Norat,Loss,N/A,Super Heavyweight,Male,Quarter-Finals
2021,2021 Pan Jiu-Jitsu IBJJF Championship,Fellipe Andrew,Submission,Armbar,Super Heavyweight,Male,Quarter-Finals
2021,2021 Pan Jiu-Jitsu IBJJF Championship,Jae Peirce mcintosh,Loss,N/A,Super Heavyweight,Male,Quarter-Finals
2021,2021 Pan Jiu-Jitsu IBJJF Championship,Yara Soares,Points,N/A,Absolute Division,Female,Final
2021,2021 Pan Jiu-Jitsu IBJJF Championship,Ana Carolina Vieira,Loss,N/A,Absolute Division,Female,Final
2021,2021 Pan Jiu-Jitsu IBJJF Championship,Gabrieli Pessanha,Points,N/A,Super Heavyweight,Female,Final
2021,2021 Pan Jiu-Jitsu IBJJF Championship,Yara Soares,Loss,N/A,Super Heavyweight,Female,Final
2021,2021 Pan Jiu-Jitsu IBJJF Championship,Maria Malyjasiak,Submission,Choke,Heavyweight,Female,Final
2021,2021 Pan Jiu-Jitsu IBJJF Championship,Melissa Stricker Cueto,Loss,N/A,Heavyweight,Female,Final
2021,2021 Pan Jiu-Jitsu IBJJF Championship,Ana Carolina Vieira,Points,N/A,Medium Heavyweight,Female,Final
2021,2021 Pan Jiu-Jitsu IBJJF Championship,Elisabeth Clay,Loss,N/A,Medium Heavyweight,Female,Final
2021,2021 Pan Jiu-Jitsu IBJJF Championship,Luiza Montiero,Points,N/A,Middleweight,Female,Final
2021,2021 Pan Jiu-Jitsu IBJJF Championship,Andressa Cintra,Loss,N/A,Middleweight,Female,Final
2021,2021 Pan Jiu-Jitsu IBJJF Championship,Nathalie Ribeiro,Advantage,N/A,Lightweight,Female,Final
2021,2021 Pan Jiu-Jitsu IBJJF Championship,Margot Ciccarelli,Loss,N/A,Lightweight,Female,Final
2021,2021 Pan Jiu-Jitsu IBJJF Championship,Bianca Basilio,Submission,Straight Ankle Lock,Featherweight,Female,Final
2021,2021 Pan Jiu-Jitsu IBJJF Championship,Gabi McComb,Loss,N/A,Featherweight,Female,Final
2021,2021 Pan Jiu-Jitsu IBJJF Championship,Ana Rodrigues,Advantage,N/A,Light Featherweight,Female,Final
2021,2021 Pan Jiu-Jitsu IBJJF Championship,Mayssa Bastos,Loss,N/A,Light Featherweight,Female,Final
2021,2021 Pan Jiu-Jitsu IBJJF Championship,Lavinia Barbosa,Advantage,N/A,Rooster Weight,Female,Final
2021,2021 Pan Jiu-Jitsu IBJJF Championship,Jessa Khan,Loss,N/A,Rooster Weight,Female,Final
2021,2021 Pan Jiu-Jitsu IBJJF Championship,Ana Carolina Vieira,DQ,N/A,Absolute Division,Female,Semi-Finals
2021,2021 Pan Jiu-Jitsu IBJJF Championship,Maria Malyjasiak,Loss,N/A,Absolute Division,Female,Semi-Finals
2021,2021 Pan Jiu-Jitsu IBJJF Championship,Yara Soares,Decision,N/A,Absolute Division,Female,Semi-Finals
2021,2021 Pan Jiu-Jitsu IBJJF Championship,Bianca Basilio,Loss,N/A,Absolute Division,Female,Semi-Finals
2021,2021 Pan Jiu-Jitsu IBJJF Championship,Gabrieli Pessanha,Submission,Straight Ankle Lock,Super Heavyweight,Female,Semi-Finals
2021,2021 Pan Jiu-Jitsu IBJJF Championship,Michelle Welti,Loss,N/A,Super Heavyweight,Female,Semi-Finals
2021,2021 Pan Jiu-Jitsu IBJJF Championship,Maria Malyjasiak,Submission,Armbar,Heavyweight,Female,Semi-Finals
2021,2021 Pan Jiu-Jitsu IBJJF Championship,Elizabeth Katherine Mitrović,Loss,N/A,Heavyweight,Female,Semi-Finals
2021,2021 Pan Jiu-Jitsu IBJJF Championship,Melissa Stricker Cueto,Points,N/A,Heavyweight,Female,Semi-Finals
2021,2021 Pan Jiu-Jitsu IBJJF Championship,Maggie Grindatti,Loss,N/A,Heavyweight,Female,Semi-Finals
2021,2021 Pan Jiu-Jitsu IBJJF Championship,Ana Carolina Vieira,Points,N/A,Medium Heavyweight,Female,Semi-Finals
2021,2021 Pan Jiu-Jitsu IBJJF Championship,Chloe Mcnally,Loss,N/A,Medium Heavyweight,Female,Semi-Finals
2021,2021 Pan Jiu-Jitsu IBJJF Championship,Luiza Montiero,Points,N/A,Middleweight,Female,Semi-Finals
2021,2021 Pan Jiu-Jitsu IBJJF Championship,Claire North,Loss,N/A,Middleweight,Female,Semi-Finals
2021,2021 Pan Jiu-Jitsu IBJJF Championship,Andressa Cintra,Decision,N/A,Middleweight,Female,Semi-Finals
2021,2021 Pan Jiu-Jitsu IBJJF Championship,Vannessa Griffin,Loss,N/A,Middleweight,Female,Semi-Finals
2021,2021 Pan Jiu-Jitsu IBJJF Championship,Nathalie Ribeiro,Submission,Choke From The Back,Lightweight,Female,Semi-Finals
2021,2021 Pan Jiu-Jitsu IBJJF Championship,Fernanda Figueira,Loss,N/A,Lightweight,Female,Semi-Finals
2021,2021 Pan Jiu-Jitsu IBJJF Championship,Margot Ciccarelli,Decision,N/A,Lightweight,Female,Semi-Finals
2021,2021 Pan Jiu-Jitsu IBJJF Championship,Nikki Sullivan,Loss,N/A,Lightweight,Female,Semi-Finals
2021,2021 Pan Jiu-Jitsu IBJJF Championship,Bianca Basilio,Submission,Kimura,Featherweight,Female,Semi-Finals
2021,2021 Pan Jiu-Jitsu IBJJF Championship,Sophia Flores,Loss,N/A,Featherweight,Female,Semi-Finals
2021,2021 Pan Jiu-Jitsu IBJJF Championship,Gabi McComb,Points,N/A,Featherweight,Female,Semi-Finals
2021,2021 Pan Jiu-Jitsu IBJJF Championship,Alexa Yanes,Loss,N/A,Featherweight,Female,Semi-Finals
2021,2021 Pan Jiu-Jitsu IBJJF Championship,Mayssa Bastos,Points,N/A,Light Featherweight,Female,Semi-Finals
2021,2021 Pan Jiu-Jitsu IBJJF Championship,Naiomi Matthews,Loss,N/A,Light Featherweight,Female,Semi-Finals
2021,2021 Pan Jiu-Jitsu IBJJF Championship,Ana Rodrigues,Submission,Cross Choke,Light Featherweight,Female,Semi-Finals
2021,2021 Pan Jiu-Jitsu IBJJF Championship,Ann Kneib,Loss,N/A,Light Featherweight,Female,Semi-Finals
2021,2021 Pan Jiu-Jitsu IBJJF Championship,Yara Soares,Submission,Choke From The Back,Absolute Division,Female,Quarter-Finals
2021,2021 Pan Jiu-Jitsu IBJJF Championship,Nathalie Ribeiro,Loss,N/A,Absolute Division,Female,Quarter-Finals
2021,2021 Pan Jiu-Jitsu IBJJF Championship,Bianca Basilio,Points,N/A,Absolute Division,Female,Quarter-Finals
2021,2021 Pan Jiu-Jitsu IBJJF Championship,Elisabeth Clay,Loss,N/A,Absolute Division,Female,Quarter-Finals
2021,2021 Pan Jiu-Jitsu IBJJF Championship,Ana Carolina Vieira,Points,N/A,Absolute Division,Female,Quarter-Finals
2021,2021 Pan Jiu-Jitsu IBJJF Championship,Gabrieli Pessanha,Loss,N/A,Absolute Division,Female,Quarter-Finals
2021,2021 Pan Jiu-Jitsu IBJJF Championship,Maria Malyjasiak,Points,N/A,Absolute Division,Female,Quarter-Finals
2021,2021 Pan Jiu-Jitsu IBJJF Championship,Janaina Maia Lebre,Loss,N/A,Absolute Division,Female,Quarter-Finals
2021,2021 Pan Jiu-Jitsu IBJJF Championship,Melissa Stricker Cueto,Submission,Choke From The Back,Heavyweight,Female,Quarter-Finals
2021,2021 Pan Jiu-Jitsu IBJJF Championship,Sarah Rice,Loss,N/A,Heavyweight,Female,Quarter-Finals
2021,2021 Pan Jiu-Jitsu IBJJF Championship,Elizabeth Katherine Mitrović,Submission,Cross Choke,Heavyweight,Female,Quarter-Finals
2021,2021 Pan Jiu-Jitsu IBJJF Championship,Kylie Villicano,Loss,N/A,Heavyweight,Female,Quarter-Finals
2021,2021 Pan Jiu-Jitsu IBJJF Championship,Andressa Cintra,Points,N/A,Middleweight,Female,Quarter-Finals
2021,2021 Pan Jiu-Jitsu IBJJF Championship,Janaina Maia Lebre,Loss,N/A,Middleweight,Female,Quarter-Finals
2021,2021 Pan Jiu-Jitsu IBJJF Championship,Luiza Montiero,Points,N/A,Middleweight,Female,Quarter-Finals
2021,2021 Pan Jiu-Jitsu IBJJF Championship,Yuki Kaneko,Loss,N/A,Middleweight,Female,Quarter-Finals
2021,2021 Pan Jiu-Jitsu IBJJF Championship,Claire North,Submission,Americana,Middleweight,Female,Quarter-Finals
2021,2021 Pan Jiu-Jitsu IBJJF Championship,Brenda Palheta,Loss,N/A,Middleweight,Female,Quarter-Finals
2021,2021 Pan Jiu-Jitsu IBJJF Championship,Vannessa Griffin,Submission,Choke,Middleweight,Female,Quarter-Finals
2021,2021 Pan Jiu-Jitsu IBJJF Championship,Bruna Driely Ricalde Maciel,Loss,N/A,Middleweight,Female,Quarter-Finals
2021,2021 Pan Jiu-Jitsu IBJJF Championship,Sophia Flores,Points,N/A,Featherweight,Female,Quarter-Finals
2021,2021 Pan Jiu-Jitsu IBJJF Championship,Taylor Sausser,Loss,N/A,Featherweight,Female,Quarter-Finals
2021,2021 Pan Jiu-Jitsu IBJJF Championship,Gabi McComb,Submission,Choke From The Back,Featherweight,Female,Quarter-Finals
2021,2021 Pan Jiu-Jitsu IBJJF Championship,Pauline Costa,Loss,N/A,Featherweight,Female,Quarter-Finals
2021,2021 Brazilian National Jiu-Jitsu Championship,Erich Munis,Points,N/A,Absolute Division,Male,Final
2021,2021 Brazilian National Jiu-Jitsu Championship,Rider Zuchi,Loss,N/A,Absolute Division,Male,Final
2021,2021 Brazilian National Jiu-Jitsu Championship,Yatan Bueno,Points,N/A,Ultra Heavyweight,Male,Final
2021,2021 Brazilian National Jiu-Jitsu Championship,Wallace Costa,Loss,N/A,Ultra Heavyweight,Male,Final
2021,2021 Brazilian National Jiu-Jitsu Championship,Marcus Ribeiro,Win,N/A,Super Heavyweight,Male,Final
2021,2021 Brazilian National Jiu-Jitsu Championship,Erich Munis,Loss,N/A,Super Heavyweight,Male,Final
2021,2021 Brazilian National Jiu-Jitsu Championship,Mauricio Oliveira,Points,N/A,Medium Heavyweight,Male,Final
2021,2021 Brazilian National Jiu-Jitsu Championship,Marcos Martins,Loss,N/A,Medium Heavyweight,Male,Final
2021,2021 Brazilian National Jiu-Jitsu Championship,Leonardo Lara,Submission,Choke From The Back,Middleweight,Male,Final
2021,2021 Brazilian National Jiu-Jitsu Championship,Wallisson Oliveira,Loss,N/A,Middleweight,Male,Final
2021,2021 Brazilian National Jiu-Jitsu Championship,Matheus Gabriel,Submission,Triangle,Lightweight,Male,Final
2021,2021 Brazilian National Jiu-Jitsu Championship,Sergio Soares,Loss,N/A,Lightweight,Male,Final
2021,2021 Brazilian National Jiu-Jitsu Championship,Fabricio Andrey,Submission,Rnc,Featherweight,Male,Final
2021,2021 Brazilian National Jiu-Jitsu Championship,Daniel Junior,Loss,N/A,Featherweight,Male,Final
2021,2021 Brazilian National Jiu-Jitsu Championship,Meyram Maquine,Submission,Rnc,Light Featherweight,Male,Final
2021,2021 Brazilian National Jiu-Jitsu Championship,Hiago George,Loss,N/A,Light Featherweight,Male,Final
2021,2021 Brazilian National Jiu-Jitsu Championship,Yuri Hendrex,Points,N/A,Rooster Weight,Male,Final
2021,2021 Brazilian National Jiu-Jitsu Championship,Welerson Goncalves Silva,Loss,N/A,Rooster Weight,Male,Final
2021,2021 Brazilian National Jiu-Jitsu Championship,Erich Munis,Points,N/A,Absolute Division,Male,Semi-Finals
2021,2021 Brazilian National Jiu-Jitsu Championship,Henrique Cardoso,Loss,N/A,Absolute Division,Male,Semi-Finals
2021,2021 Brazilian National Jiu-Jitsu Championship,Rider Zuchi,Win,N/A,Absolute Division,Male,Semi-Finals
2021,2021 Brazilian National Jiu-Jitsu Championship,Dimitrius Souza,Loss,N/A,Absolute Division,Male,Semi-Finals
2021,2021 Brazilian National Jiu-Jitsu Championship,Yatan Bueno,Points,N/A,Ultra Heavyweight,Male,Semi-Finals
2021,2021 Brazilian National Jiu-Jitsu Championship,Pedro Alex dos Santos,Loss,N/A,Ultra Heavyweight,Male,Semi-Finals
2021,2021 Brazilian National Jiu-Jitsu Championship,Erich Munis,Points,N/A,Super Heavyweight,Male,Semi-Finals
2021,2021 Brazilian National Jiu-Jitsu Championship,Vitor Cheloni,Loss,N/A,Super Heavyweight,Male,Semi-Finals
2021,2021 Brazilian National Jiu-Jitsu Championship,Marcus Ribeiro,Advantage,N/A,Super Heavyweight,Male,Semi-Finals
2021,2021 Brazilian National Jiu-Jitsu Championship,Harryson Pereira,Loss,N/A,Super Heavyweight,Male,Semi-Finals
2021,2021 Brazilian National Jiu-Jitsu Championship,Dimitrius Souza,Win,N/A,Heavyweight,Male,Semi-Finals
2021,2021 Brazilian National Jiu-Jitsu Championship,Isaque Bahiense,Loss,N/A,Heavyweight,Male,Semi-Finals
2021,2021 Brazilian National Jiu-Jitsu Championship,Mauricio Oliveira,Points,N/A,Medium Heavyweight,Male,Semi-Finals
2021,2021 Brazilian National Jiu-Jitsu Championship,Leon Brito,Loss,N/A,Medium Heavyweight,Male,Semi-Finals
2021,2021 Brazilian National Jiu-Jitsu Championship,Marcos Martins,Advantage,N/A,Medium Heavyweight,Male,Semi-Finals
2021,2021 Brazilian National Jiu-Jitsu Championship,Matheus Spirandeli,Loss,N/A,Medium Heavyweight,Male,Semi-Finals
2021,2021 Brazilian National Jiu-Jitsu Championship,Wallisson Oliveira,Points,N/A,Middleweight,Male,Semi-Finals
2021,2021 Brazilian National Jiu-Jitsu Championship,Guthierry Barbosa,Loss,N/A,Middleweight,Male,Semi-Finals
2021,2021 Brazilian National Jiu-Jitsu Championship,Leonardo Lara,Advantage,N/A,Middleweight,Male,Semi-Finals
2021,2021 Brazilian National Jiu-Jitsu Championship,Ygor Rodrigues,Loss,N/A,Middleweight,Male,Semi-Finals
2021,2021 Brazilian National Jiu-Jitsu Championship,Sergio Soares,Points,N/A,Lightweight,Male,Semi-Finals
2021,2021 Brazilian National Jiu-Jitsu Championship,Victor Nathiel,Loss,N/A,Lightweight,Male,Semi-Finals
2021,2021 Brazilian National Jiu-Jitsu Championship,Matheus Gabriel,Submission,Armbar,Lightweight,Male,Semi-Finals
2021,2021 Brazilian National Jiu-Jitsu Championship,Natan Chueng,Loss,N/A,Lightweight,Male,Semi-Finals
2021,2021 Brazilian National Jiu-Jitsu Championship,Daniel Amorim,Win,N/A,Featherweight,Male,Semi-Finals
2021,2021 Brazilian National Jiu-Jitsu Championship,Leo Saggioro,Loss,N/A,Featherweight,Male,Semi-Finals
2021,2021 Brazilian National Jiu-Jitsu Championship,Fabricio Andrey,Points,N/A,Featherweight,Male,Semi-Finals
2021,2021 Brazilian National Jiu-Jitsu Championship,Samuel Nagai,Loss,N/A,Featherweight,Male,Semi-Finals
2021,2021 Brazilian National Jiu-Jitsu Championship,Meyram Maquine,Submission,Rnc,Light Featherweight,Male,Semi-Finals
2021,2021 Brazilian National Jiu-Jitsu Championship,Jonas Lisboa,Loss,N/A,Light Featherweight,Male,Semi-Finals
2021,2021 Brazilian National Jiu-Jitsu Championship,Hiago George,Submission,Katagatame,Light Featherweight,Male,Semi-Finals
2021,2021 Brazilian National Jiu-Jitsu Championship,Leo Alves,Loss,N/A,Light Featherweight,Male,Semi-Finals
2021,2021 Brazilian National Jiu-Jitsu Championship,Yuri Hendrex,Advantage,N/A,Rooster Weight,Male,Semi-Finals
2021,2021 Brazilian National Jiu-Jitsu Championship,Cleber Sousa,Loss,N/A,Rooster Weight,Male,Semi-Finals
2021,2021 Brazilian National Jiu-Jitsu Championship,Welerson Goncalves Silva,Points,N/A,Rooster Weight,Male,Semi-Finals
2021,2021 Brazilian National Jiu-Jitsu Championship,Aniel Bonifacio,Loss,N/A,Rooster Weight,Male,Semi-Finals
2021,2021 Brazilian National Jiu-Jitsu Championship,Erich Munis,Win,N/A,Absolute Division,Male,Quarter-Finals
2021,2021 Brazilian National Jiu-Jitsu Championship,Erberth Santos,Loss,N/A,Absolute Division,Male,Quarter-Finals
2021,2021 Brazilian National Jiu-Jitsu Championship,Erich Munis,Win,N/A,Super Heavyweight,Male,Quarter-Finals
2021,2021 Brazilian National Jiu-Jitsu Championship,Paulo Otavio,Loss,N/A,Super Heavyweight,Male,Quarter-Finals
2021,2021 Brazilian National Jiu-Jitsu Championship,Isaque Bahiense,Points,N/A,94Kgs,Male,Quarter-Finals
2021,2021 Brazilian National Jiu-Jitsu Championship,Pedro Elias,Loss,N/A,94Kgs,Male,Quarter-Finals
2021,2021 Brazilian National Jiu-Jitsu Championship,Matheus Gabriel,Submission,Armbar,Lightweight,Male,Quarter-Finals
2021,2021 Brazilian National Jiu-Jitsu Championship,Vinicius Pereira,Loss,N/A,Lightweight,Male,Quarter-Finals
2021,2021 Brazilian National Jiu-Jitsu Championship,Samuel Nagai,Submission,Choke From The Back,Featherweight,Male,Quarter-Finals
2021,2021 Brazilian National Jiu-Jitsu Championship,Wesley Santos,Loss,N/A,Featherweight,Male,Quarter-Finals
2021,2021 Brazilian National Jiu-Jitsu Championship,Fabricio Andrey,Submission,Triangle,Featherweight,Male,Quarter-Finals
2021,2021 Brazilian National Jiu-Jitsu Championship,Yago Rodrigues,Loss,N/A,Featherweight,Male,Quarter-Finals
2021,2021 Brazilian National Jiu-Jitsu Championship,Ana Rodrigues,Submission,Choke,55Kgs,Female,Final
2021,2021 Brazilian National Jiu-Jitsu Championship,Rayanne Santos,Loss,N/A,55Kgs,Female,Final
2022,2022 World Jiu-Jitsu IBJJF Championship,Nicholas Meregali,Advantage,N/A,Absolute Division,Male,Final
2022,2022 World Jiu-Jitsu IBJJF Championship,Erich Munis,Loss,N/A,Absolute Division,Male,Final
2022,2022 World Jiu-Jitsu IBJJF Championship,Victor Hugo,Points,N/A,Ultra Heavyweight,Male,Final
2022,2022 World Jiu-Jitsu IBJJF Championship,Gutemberg Pereira,Loss,N/A,Ultra Heavyweight,Male,Final
2022,2022 World Jiu-Jitsu IBJJF Championship,Erich Munis,Points,N/A,Super Heavyweight,Male,Final
2022,2022 World Jiu-Jitsu IBJJF Championship,Nicholas Meregali,Loss,N/A,Super Heavyweight,Male,Final
2022,2022 World Jiu-Jitsu IBJJF Championship,Kaynan Duarte,Advantage,N/A,Heavyweight,Male,Final
2022,2022 World Jiu-Jitsu IBJJF Championship,Dimitrius Souza,Loss,N/A,Heavyweight,Male,Final
2022,2022 World Jiu-Jitsu IBJJF Championship,Leandro Lo,Points,N/A,Medium Heavyweight,Male,Final
2022,2022 World Jiu-Jitsu IBJJF Championship,Isaque Bahiense,Loss,N/A,Medium Heavyweight,Male,Final
2022,2022 World Jiu-Jitsu IBJJF Championship,Tainan Dalpra,Submission,Cachecol Choke,Middleweight,Male,Final
2022,2022 World Jiu-Jitsu IBJJF Championship,Andy Murasaki,Loss,N/A,Middleweight,Male,Final
2022,2022 World Jiu-Jitsu IBJJF Championship,Mica Galvao,Points,N/A,Lightweight,Male,Final
2022,2022 World Jiu-Jitsu IBJJF Championship,Tye Ruotolo,Loss,N/A,Lightweight,Male,Final
2022,2022 World Jiu-Jitsu IBJJF Championship,Isaac Doederlein,Points,N/A,Featherweight,Male,Final
2022,2022 World Jiu-Jitsu IBJJF Championship,Diego Sodre,Loss,N/A,Featherweight,Male,Final
2022,2022 World Jiu-Jitsu IBJJF Championship,Meyram Maquine,Decision,N/A,Light Featherweight,Male,Final
2022,2022 World Jiu-Jitsu IBJJF Championship,Diego Oliveira,Loss,N/A,Light Featherweight,Male,Final
2022,2022 World Jiu-Jitsu IBJJF Championship,Thalison Soares,Points,N/A,Rooster Weight,Male,Final
2022,2022 World Jiu-Jitsu IBJJF Championship,Bebeto Oliveira,Loss,N/A,Rooster Weight,Male,Final
2022,2022 World Jiu-Jitsu IBJJF Championship,Nicholas Meregali,Submission,Armbar,Absolute Division,Male,Semi-Finals
2022,2022 World Jiu-Jitsu IBJJF Championship,Fellipe Andrew,Loss,N/A,Absolute Division,Male,Semi-Finals
2022,2022 World Jiu-Jitsu IBJJF Championship,Erich Munis,Points,N/A,Absolute Division,Male,Semi-Finals
2022,2022 World Jiu-Jitsu IBJJF Championship,Gustavo Batista,Loss,N/A,Absolute Division,Male,Semi-Finals
2022,2022 World Jiu-Jitsu IBJJF Championship,Victor Hugo,Win,N/A,Ultra Heavyweight,Male,Semi-Finals
2022,2022 World Jiu-Jitsu IBJJF Championship,Wallace Costa,Loss,N/A,Ultra Heavyweight,Male,Semi-Finals
2022,2022 World Jiu-Jitsu IBJJF Championship,Gutemberg Pereira,Decision,N/A,Ultra Heavyweight,Male,Semi-Finals
2022,2022 World Jiu-Jitsu IBJJF Championship,Guilherme Augusto,Loss,N/A,Ultra Heavyweight,Male,Semi-Finals
2022,2022 World Jiu-Jitsu IBJJF Championship,Erich Munis,Submission,Triangle,Super Heavyweight,Male,Semi-Finals
2022,2022 World Jiu-Jitsu IBJJF Championship,Marcus Ribeiro,Loss,N/A,Super Heavyweight,Male,Semi-Finals
2022,2022 World Jiu-Jitsu IBJJF Championship,Nicholas Meregali,Submission,Choke From The Back,Super Heavyweight,Male,Semi-Finals
2022,2022 World Jiu-Jitsu IBJJF Championship,Fellipe Andrew,Loss,N/A,Super Heavyweight,Male,Semi-Finals
2022,2022 World Jiu-Jitsu IBJJF Championship,Kaynan Duarte,Advantage,N/A,Heavyweight,Male,Semi-Finals
2022,2022 World Jiu-Jitsu IBJJF Championship,Rider Zuchi,Loss,N/A,Heavyweight,Male,Semi-Finals
2022,2022 World Jiu-Jitsu IBJJF Championship,Dimitrius Souza,Points,N/A,Heavyweight,Male,Semi-Finals
2022,2022 World Jiu-Jitsu IBJJF Championship,Pedro Paulo Machado Rodrigues,Loss,N/A,Heavyweight,Male,Semi-Finals
2022,2022 World Jiu-Jitsu IBJJF Championship,Isaque Bahiense,Points,N/A,Medium Heavyweight,Male,Semi-Finals
2022,2022 World Jiu-Jitsu IBJJF Championship,Gustavo Batista,Loss,N/A,Medium Heavyweight,Male,Semi-Finals
2022,2022 World Jiu-Jitsu IBJJF Championship,Leandro Lo,Points,N/A,Medium Heavyweight,Male,Semi-Finals
2022,2022 World Jiu-Jitsu IBJJF Championship,Bruno Lima,Loss,N/A,Medium Heavyweight,Male,Semi-Finals
2022,2022 World Jiu-Jitsu IBJJF Championship,Andy Murasaki,Points,N/A,Middleweight,Male,Semi-Finals
2022,2022 World Jiu-Jitsu IBJJF Championship,Leonardo Lara,Loss,N/A,Middleweight,Male,Semi-Finals
2022,2022 World Jiu-Jitsu IBJJF Championship,Tommy Langaker,Loss,N/A,Middleweight,Male,Semi-Finals
2022,2022 World Jiu-Jitsu IBJJF Championship,Tainan Dalpra,Points,N/A,Middleweight,Male,Semi-Finals
2022,2022 World Jiu-Jitsu IBJJF Championship,Ronaldo Junior,Loss,N/A,Middleweight,Male,Semi-Finals
2022,2022 World Jiu-Jitsu IBJJF Championship,Tye Ruotolo,Points,N/A,Lightweight,Male,Semi-Finals
2022,2022 World Jiu-Jitsu IBJJF Championship,Lucas Valente,Loss,N/A,Lightweight,Male,Semi-Finals
2022,2022 World Jiu-Jitsu IBJJF Championship,Mica Galvao,Win,N/A,Lightweight,Male,Semi-Finals
2022,2022 World Jiu-Jitsu IBJJF Championship,Jonnatas Gracie,Loss,N/A,Lightweight,Male,Semi-Finals
2022,2022 World Jiu-Jitsu IBJJF Championship,Diego Sodre,Advantage,N/A,Featherweight,Male,Semi-Finals
2022,2022 World Jiu-Jitsu IBJJF Championship,Daniel Maira,Loss,N/A,Featherweight,Male,Semi-Finals
2022,2022 World Jiu-Jitsu IBJJF Championship,Isaac Doederlein,Submission,Straight Ankle Lock,Featherweight,Male,Semi-Finals
2022,2022 World Jiu-Jitsu IBJJF Championship,Samuel Nagai,Loss,N/A,Featherweight,Male,Semi-Finals
2022,2022 World Jiu-Jitsu IBJJF Championship,Diego Oliveira,Points,N/A,Light Featherweight,Male,Semi-Finals
2022,2022 World Jiu-Jitsu IBJJF Championship,Diogo Reis,Loss,N/A,Light Featherweight,Male,Semi-Finals
2022,2022 World Jiu-Jitsu IBJJF Championship,Meyram Maquine,Submission,Armbar,Light Featherweight,Male,Semi-Finals
2022,2022 World Jiu-Jitsu IBJJF Championship,Hiago George,Loss,N/A,Light Featherweight,Male,Semi-Finals
2022,2022 World Jiu-Jitsu IBJJF Championship,Thalison Soares,Points,N/A,Rooster Weight,Male,Semi-Finals
2022,2022 World Jiu-Jitsu IBJJF Championship,Cleber Sousa,Loss,N/A,Rooster Weight,Male,Semi-Finals
2022,2022 World Jiu-Jitsu IBJJF Championship,Nicholas Meregali,Submission,Loop Choke,Absolute Division,Male,Quarter-Finals
2022,2022 World Jiu-Jitsu IBJJF Championship,Wallace Costa,Loss,N/A,Absolute Division,Male,Quarter-Finals
2022,2022 World Jiu-Jitsu IBJJF Championship,Erich Munis,Advantage,N/A,Absolute Division,Male,Quarter-Finals
2022,2022 World Jiu-Jitsu IBJJF Championship,Roosevelt Sousa,Loss,N/A,Absolute Division,Male,Quarter-Finals
2022,2022 World Jiu-Jitsu IBJJF Championship,Gustavo Batista,Decision,N/A,Absolute Division,Male,Quarter-Finals
2022,2022 World Jiu-Jitsu IBJJF Championship,Victor Hugo,Loss,N/A,Absolute Division,Male,Quarter-Finals
2022,2022 World Jiu-Jitsu IBJJF Championship,Fellipe Andrew,Submission,Straight Ankle Lock,Absolute Division,Male,Quarter-Finals
2022,2022 World Jiu-Jitsu IBJJF Championship,Kaynan Duarte,Loss,N/A,Absolute Division,Male,Quarter-Finals
2022,2022 World Jiu-Jitsu IBJJF Championship,Gutemberg Pereira,Submission,Choke From The Back,Ultra Heavyweight,Male,Quarter-Finals
2022,2022 World Jiu-Jitsu IBJJF Championship,Renato Tagliari,Loss,N/A,Ultra Heavyweight,Male,Quarter-Finals
2022,2022 World Jiu-Jitsu IBJJF Championship,Wallace Costa,Points,N/A,Ultra Heavyweight,Male,Quarter-Finals
2022,2022 World Jiu-Jitsu IBJJF Championship,Igor Schneider,Loss,N/A,Ultra Heavyweight,Male,Quarter-Finals
2022,2022 World Jiu-Jitsu IBJJF Championship,Victor Hugo,Win,N/A,Ultra Heavyweight,Male,Quarter-Finals
2022,2022 World Jiu-Jitsu IBJJF Championship,Guilherme Bacha Guedes,Loss,N/A,Ultra Heavyweight,Male,Quarter-Finals
2022,2022 World Jiu-Jitsu IBJJF Championship,Guilherme Augusto,Points,N/A,Ultra Heavyweight,Male,Quarter-Finals
2022,2022 World Jiu-Jitsu IBJJF Championship,Rafael Lovato Jr.,Loss,N/A,Ultra Heavyweight,Male,Quarter-Finals
2022,2022 World Jiu-Jitsu IBJJF Championship,Devhonte Johnson,Points,N/A,Super Heavyweight,Male,Quarter-Finals
2022,2022 World Jiu-Jitsu IBJJF Championship,Eric Bergmann,Loss,N/A,Super Heavyweight,Male,Quarter-Finals
2022,2022 World Jiu-Jitsu IBJJF Championship,Gabrieli Pessanha,Decision,N/A,Absolute Division,Female,Final
2022,2022 World Jiu-Jitsu IBJJF Championship,Amy Campo,Loss,N/A,Absolute Division,Female,Final
2022,2022 World Jiu-Jitsu IBJJF Championship,Larissa De Almeida,Advantage,N/A,Heavyweight,Female,Final
2022,2022 World Jiu-Jitsu IBJJF Championship,Rafaela Ribeiro Guedes,Loss,N/A,Heavyweight,Female,Final
2022,2022 World Jiu-Jitsu IBJJF Championship,Ana Carolina Vieira,Win,N/A,Medium Heavyweight,Female,Final
2022,2022 World Jiu-Jitsu IBJJF Championship,Luciana Mota,Loss,N/A,Medium Heavyweight,Female,Final
2022,2022 World Jiu-Jitsu IBJJF Championship,Andressa Cintra,Win,N/A,Middleweight,Female,Final
2022,2022 World Jiu-Jitsu IBJJF Championship,Thalyta Silva,Loss,N/A,Middleweight,Female,Final
2022,2022 World Jiu-Jitsu IBJJF Championship,Ffion Davies,Points,N/A,Lightweight,Female,Final
2022,2022 World Jiu-Jitsu IBJJF Championship,Janaina Maia Lebre,Loss,N/A,Lightweight,Female,Final
2022,2022 World Jiu-Jitsu IBJJF Championship,Bianca Basilio,Advantage,N/A,Featherweight,Female,Final
2022,2022 World Jiu-Jitsu IBJJF Championship,Amanda Monteiro,Loss,N/A,Featherweight,Female,Final
2022,2022 World Jiu-Jitsu IBJJF Championship,Ana Rodrigues,Points,N/A,Light Featherweight,Female,Final
2022,2022 World Jiu-Jitsu IBJJF Championship,Tammi Musumeci,Loss,N/A,Light Featherweight,Female,Final
2022,2022 World Jiu-Jitsu IBJJF Championship,Mayssa Bastos,Points,N/A,Rooster Weight,Female,Final
2022,2022 World Jiu-Jitsu IBJJF Championship,Brenda Larissa,Loss,N/A,Rooster Weight,Female,Final
2022,2022 World Jiu-Jitsu IBJJF Championship,Thamires Aquino,Points,N/A,Bantamweight,Female,Final
2022,2022 World Jiu-Jitsu IBJJF Championship,Jessa Khan,Loss,N/A,Bantamweight,Female,Final
2022,2022 World Jiu-Jitsu IBJJF Championship,Amy Campo,Decision,N/A,Absolute Division,Female,Semi-Finals
2022,2022 World Jiu-Jitsu IBJJF Championship,Ana Carolina Vieira,Loss,N/A,Absolute Division,Female,Semi-Finals
2022,2022 World Jiu-Jitsu IBJJF Championship,Gabrieli Pessanha,Points,N/A,Absolute Division,Female,Semi-Finals
2022,2022 World Jiu-Jitsu IBJJF Championship,Rafaela Ribeiro Guedes,Loss,N/A,Absolute Division,Female,Semi-Finals
2022,2022 World Jiu-Jitsu IBJJF Championship,Gabrieli Pessanha,Submission,Rnc,Super Heavyweight,Female,Semi-Finals
2022,2022 World Jiu-Jitsu IBJJF Championship,Mayara Montieiro Custodino,Loss,N/A,Super Heavyweight,Female,Semi-Finals
2022,2022 World Jiu-Jitsu IBJJF Championship,Larissa De Almeida,Points,N/A,Heavyweight,Female,Semi-Finals
2022,2022 World Jiu-Jitsu IBJJF Championship,Fernanda Mazzelli,Loss,N/A,Heavyweight,Female,Semi-Finals
2022,2022 World Jiu-Jitsu IBJJF Championship,Rafaela Ribeiro Guedes,Points,N/A,Heavyweight,Female,Semi-Finals
2022,2022 World Jiu-Jitsu IBJJF Championship,Melissa Stricker Cueto,Loss,N/A,Heavyweight,Female,Semi-Finals
2022,2022 World Jiu-Jitsu IBJJF Championship,Luciana Mota,Advantage,N/A,Medium Heavyweight,Female,Semi-Finals
2022,2022 World Jiu-Jitsu IBJJF Championship,Ingridd Sousa,Loss,N/A,Medium Heavyweight,Female,Semi-Finals
2022,2022 World Jiu-Jitsu IBJJF Championship,Ana Carolina Vieira,Points,N/A,Medium Heavyweight,Female,Semi-Finals
2022,2022 World Jiu-Jitsu IBJJF Championship,Fernanda Cristo,Loss,N/A,Medium Heavyweight,Female,Semi-Finals
2022,2022 World Jiu-Jitsu IBJJF Championship,Andressa Cintra,Submission,Straight Ankle Lock,Middleweight,Female,Semi-Finals
2022,2022 World Jiu-Jitsu IBJJF Championship,Chloe Mcnally,Loss,N/A,Middleweight,Female,Semi-Finals
2022,2022 World Jiu-Jitsu IBJJF Championship,Thalyta Silva,Points,N/A,Middleweight,Female,Semi-Finals
2022,2022 World Jiu-Jitsu IBJJF Championship,Thamara Ferreira,Loss,N/A,Middleweight,Female,Semi-Finals
2022,2022 World Jiu-Jitsu IBJJF Championship,Janaina Maia Lebre,Points,N/A,Lightweight,Female,Semi-Finals
2022,2022 World Jiu-Jitsu IBJJF Championship,Nathalie Ribeiro,Loss,N/A,Lightweight,Female,Semi-Finals
2022,2022 World Jiu-Jitsu IBJJF Championship,Ffion Davies,Points,N/A,Lightweight,Female,Semi-Finals
2022,2022 World Jiu-Jitsu IBJJF Championship,Margot Ciccarelli,Loss,N/A,Lightweight,Female,Semi-Finals
2022,2022 World Jiu-Jitsu IBJJF Championship,Bianca Basilio,Submission,Triangle,Featherweight,Female,Semi-Finals
2022,2022 World Jiu-Jitsu IBJJF Championship,Gabriela Fechter,Loss,N/A,Featherweight,Female,Semi-Finals
2022,2022 World Jiu-Jitsu IBJJF Championship,Amanda Monteiro,Win,N/A,Featherweight,Female,Semi-Finals
2022,2022 World Jiu-Jitsu IBJJF Championship,Gabriela Pereira,Loss,N/A,Featherweight,Female,Semi-Finals
2022,2022 World Jiu-Jitsu IBJJF Championship,Ana Rodrigues,Submission,Armbar,Light Featherweight,Female,Semi-Finals
2022,2022 World Jiu-Jitsu IBJJF Championship,Rose El Sharouni,Loss,N/A,Light Featherweight,Female,Semi-Finals
2022,2022 World Jiu-Jitsu IBJJF Championship,Mayssa Bastos,Submission,Choke,Rooster Weight,Female,Semi-Finals
2022,2022 World Jiu-Jitsu IBJJF Championship,Serena Gabrielli,Loss,N/A,Rooster Weight,Female,Semi-Finals
2022,2022 World Jiu-Jitsu IBJJF Championship,Brenda Larissa,Advantage,N/A,Rooster Weight,Female,Semi-Finals
2022,2022 World Jiu-Jitsu IBJJF Championship,Jhenifer Aquino,Loss,N/A,Rooster Weight,Female,Semi-Finals
2022,2022 World Jiu-Jitsu IBJJF Championship,Rafaela Ribeiro Guedes,Win,N/A,Absolute Division,Female,Quarter-Finals
2022,2022 World Jiu-Jitsu IBJJF Championship,Luciane Santos,Loss,N/A,Absolute Division,Female,Quarter-Finals
2022,2022 World Jiu-Jitsu IBJJF Championship,Gabrieli Pessanha,Submission,Ezekiel Choke,Absolute Division,Female,Quarter-Finals
2022,2022 World Jiu-Jitsu IBJJF Championship,Luciana Mota,Loss,N/A,Absolute Division,Female,Quarter-Finals
2022,2022 World Jiu-Jitsu IBJJF Championship,Amy Campo,Points,N/A,Absolute Division,Female,Quarter-Finals
2022,2022 World Jiu-Jitsu IBJJF Championship,Yara Soares,Loss,N/A,Absolute Division,Female,Quarter-Finals
2022,2022 World Jiu-Jitsu IBJJF Championship,Rafaela Ribeiro Guedes,Points,N/A,Heavyweight,Female,Quarter-Finals
2022,2022 World Jiu-Jitsu IBJJF Championship,Tara White,Loss,N/A,Heavyweight,Female,Quarter-Finals
2022,2022 World Jiu-Jitsu IBJJF Championship,Fernanda Cristo,Points,N/A,Medium Heavyweight,Female,Quarter-Finals
2022,2022 World Jiu-Jitsu IBJJF Championship,Elizabeth Katherine Mitrović,Loss,N/A,Medium Heavyweight,Female,Quarter-Finals
2022,2022 World Jiu-Jitsu IBJJF Championship,Ingridd Sousa,Submission,Triangle Arm Bar,Medium Heavyweight,Female,Quarter-Finals
2022,2022 World Jiu-Jitsu IBJJF Championship,Izadora Cristina Silva,Loss,N/A,Medium Heavyweight,Female,Quarter-Finals
2022,2022 World Jiu-Jitsu IBJJF Championship,Chloe Mcnally,Win,N/A,Middleweight,Female,Quarter-Finals
2022,2022 World Jiu-Jitsu IBJJF Championship,Raquel Canuto,Loss,N/A,Middleweight,Female,Quarter-Finals
2022,2022 World Jiu-Jitsu IBJJF Championship,Thamara Ferreira,Submission,Toehold,Middleweight,Female,Quarter-Finals
2022,2022 World Jiu-Jitsu IBJJF Championship,Natalia Zumba De Souza,Loss,N/A,Middleweight,Female,Quarter-Finals
2022,2022 World Jiu-Jitsu IBJJF Championship,Janaina Maia Lebre,Submission,Straight Ankle Lock,Lightweight,Female,Quarter-Finals
2022,2022 World Jiu-Jitsu IBJJF Championship,Gabrielle McComb Lima,Loss,N/A,Lightweight,Female,Quarter-Finals
2022,2022 World Jiu-Jitsu IBJJF Championship,Margot Ciccarelli,Points,N/A,Lightweight,Female,Quarter-Finals
2022,2022 World Jiu-Jitsu IBJJF Championship,Luciane Santos,Loss,N/A,Lightweight,Female,Quarter-Finals
2022,2022 World Jiu-Jitsu IBJJF Championship,Ffion Davies,Win,N/A,Lightweight,Female,Quarter-Finals
2022,2022 World Jiu-Jitsu IBJJF Championship,Vitoria Vieira,Loss,N/A,Lightweight,Female,Quarter-Finals
2022,2022 World Jiu-Jitsu IBJJF Championship,Thalyta Silva,Advantage,N/A,69Kgs,Female,Quarter-Finals
2022,2022 World Jiu-Jitsu IBJJF Championship,Elisabeth Clay,Loss,N/A,69Kgs,Female,Quarter-Finals
2022,2022 World Jiu-Jitsu IBJJF Championship,Ana Rodrigues,Submission,Choke From The Back,Light Featherweight,Female,Quarter-Finals
2022,2022 World Jiu-Jitsu IBJJF Championship,Sofia Amarante,Loss,N/A,Light Featherweight,Female,Quarter-Finals
2022,2022 World Jiu-Jitsu IBJJF Championship,Jhenifer Aquino,Decision,N/A,Rooster Weight,Female,Quarter-Finals
2022,2022 World Jiu-Jitsu IBJJF Championship,Mariana Rolszt,Loss,N/A,Rooster Weight,Female,Quarter-Finals
2022,2022 World Jiu-Jitsu IBJJF Championship,Brenda Larissa,Points,N/A,Rooster Weight,Female,Quarter-Finals
2022,2022 World Jiu-Jitsu IBJJF Championship,Lavinia Barbosa,Loss,N/A,Rooster Weight,Female,Quarter-Finals
2022,Pan IBJJF Jiu Jitsu Championship 2022,Erich Munis,Points,N/A,Absolute Division,Male,Final
2022,Pan IBJJF Jiu Jitsu Championship 2022,Fellipe Andrew,Loss,N/A,Absolute Division,Male,Final
2022,Pan IBJJF Jiu Jitsu Championship 2022,Roberto “Cyborg” Abreu,Points,N/A,Ultra Heavyweight,Male,Final
2022,Pan IBJJF Jiu Jitsu Championship 2022,Gutemberg Pereira,Loss,N/A,Ultra Heavyweight,Male,Final
2022,Pan IBJJF Jiu Jitsu Championship 2022,Tainan Dalpra,Points,N/A,Middleweight,Male,Final
2022,Pan IBJJF Jiu Jitsu Championship 2022,Jeferson Guaresi,Loss,N/A,Middleweight,Male,Final
2022,Pan IBJJF Jiu Jitsu Championship 2022,Johnatha Alves,Points,N/A,Lightweight,Male,Final
2022,Pan IBJJF Jiu Jitsu Championship 2022,Andy Murasaki,Loss,N/A,Lightweight,Male,Final
2022,Pan IBJJF Jiu Jitsu Championship 2022,Meyram Alves,Points,N/A,Light Featherweight,Male,Final
2022,Pan IBJJF Jiu Jitsu Championship 2022,Lucas Pinheiro,Loss,N/A,Light Featherweight,Male,Final
2022,Pan IBJJF Jiu Jitsu Championship 2022,Bebeto Oliveira,Points,N/A,Rooster Weight,Male,Final
2022,Pan IBJJF Jiu Jitsu Championship 2022,Thalison Soares,Points,N/A,Rooster Weight,Male,Final
2022,Pan IBJJF Jiu Jitsu Championship 2022,Erich Munis,Advantage,N/A,Absolute Division,Male,Semi-Finals
2022,Pan IBJJF Jiu Jitsu Championship 2022,Roosevelt Sousa,Loss,N/A,Absolute Division,Male,Semi-Finals
2022,Pan IBJJF Jiu Jitsu Championship 2022,Fellipe Andrew,Decision,N/A,Absolute Division,Male,Semi-Finals
2022,Pan IBJJF Jiu Jitsu Championship 2022,Wallace Costa,Loss,N/A,Absolute Division,Male,Semi-Finals
2022,Pan IBJJF Jiu Jitsu Championship 2022,Roberto “Cyborg” Abreu,Advantage,N/A,Ultra Heavyweight,Male,Semi-Finals
2022,Pan IBJJF Jiu Jitsu Championship 2022,Davi Cabral De Souza,Loss,N/A,Ultra Heavyweight,Male,Semi-Finals
2022,Pan IBJJF Jiu Jitsu Championship 2022,Gutemberg Pereira,Submission,Choke,Ultra Heavyweight,Male,Semi-Finals
2022,Pan IBJJF Jiu Jitsu Championship 2022,Roosevelt Sousa,Loss,N/A,Ultra Heavyweight,Male,Semi-Finals
2022,Pan IBJJF Jiu Jitsu Championship 2022,Erich Munis,Submission,Armbar,Super Heavyweight,Male,Semi-Finals
2022,Pan IBJJF Jiu Jitsu Championship 2022,Vinícius “Trator” Ferreira Gazola,Loss,N/A,Super Heavyweight,Male,Semi-Finals
2022,Pan IBJJF Jiu Jitsu Championship 2022,Dimitrius Souza,Submission,Armbar,Heavyweight,Male,Semi-Finals
2022,Pan IBJJF Jiu Jitsu Championship 2022,Pedro Marinho,Loss,N/A,Heavyweight,Male,Semi-Finals
2022,Pan IBJJF Jiu Jitsu Championship 2022,Manuel Ribamar Filho,Points,N/A,Medium Heavyweight,Male,Semi-Finals
2022,Pan IBJJF Jiu Jitsu Championship 2022,Yan Lucas,Loss,N/A,Medium Heavyweight,Male,Semi-Finals
2022,Pan IBJJF Jiu Jitsu Championship 2022,Jeferson Guaresi,Decision,N/A,Middleweight,Male,Semi-Finals
2022,Pan IBJJF Jiu Jitsu Championship 2022,Mathias Luna,Loss,N/A,Middleweight,Male,Semi-Finals
2022,Pan IBJJF Jiu Jitsu Championship 2022,Tainan Dalpra,Points,N/A,Middleweight,Male,Semi-Finals
2022,Pan IBJJF Jiu Jitsu Championship 2022,Ronaldo Junior,Loss,N/A,Middleweight,Male,Semi-Finals
2022,Pan IBJJF Jiu Jitsu Championship 2022,Andy Murasaki,Points,N/A,Lightweight,Male,Semi-Finals
2022,Pan IBJJF Jiu Jitsu Championship 2022,Igor Feliz,Loss,N/A,Lightweight,Male,Semi-Finals
2022,Pan IBJJF Jiu Jitsu Championship 2022,Johnatha Alves,Submission,Choke From The Back,Lightweight,Male,Semi-Finals
2022,Pan IBJJF Jiu Jitsu Championship 2022,Natan Chueng,Loss,N/A,Lightweight,Male,Semi-Finals
2022,Pan IBJJF Jiu Jitsu Championship 2022,Alex Sodré,Points,N/A,Featherweight,Male,Semi-Finals
2022,Pan IBJJF Jiu Jitsu Championship 2022,Thiago Macedo,Loss,N/A,Featherweight,Male,Semi-Finals
2022,Pan IBJJF Jiu Jitsu Championship 2022,Lucas Pinheiro,Submission,Straight Ankle Lock,Light Featherweight,Male,Semi-Finals
2022,Pan IBJJF Jiu Jitsu Championship 2022,Hiago George,Loss,N/A,Light Featherweight,Male,Semi-Finals
2022,Pan IBJJF Jiu Jitsu Championship 2022,Thalison Soares,Advantage,N/A,Rooster Weight,Male,Semi-Finals
2022,Pan IBJJF Jiu Jitsu Championship 2022,Estevan Martinez,Loss,N/A,Rooster Weight,Male,Semi-Finals
2022,Pan IBJJF Jiu Jitsu Championship 2022,Erich Munis,Points,N/A,Absolute Division,Male,Quarter-Finals
2022,Pan IBJJF Jiu Jitsu Championship 2022,Pedro Marinho,Loss,N/A,Absolute Division,Male,Quarter-Finals
2022,Pan IBJJF Jiu Jitsu Championship 2022,Wallace Costa,Points,N/A,Absolute Division,Male,Quarter-Finals
2022,Pan IBJJF Jiu Jitsu Championship 2022,Fellipe Trovo,Loss,N/A,Absolute Division,Male,Quarter-Finals
2022,Pan IBJJF Jiu Jitsu Championship 2022,Roberto “Cyborg” Abreu,Points,N/A,Ultra Heavyweight,Male,Quarter-Finals
2022,Pan IBJJF Jiu Jitsu Championship 2022,Wallace Costa,Loss,N/A,Ultra Heavyweight,Male,Quarter-Finals
2022,Pan IBJJF Jiu Jitsu Championship 2022,Gutemberg Pereira,Submission,Armbar,Ultra Heavyweight,Male,Quarter-Finals
2022,Pan IBJJF Jiu Jitsu Championship 2022,Orlando Baccino,Loss,N/A,Ultra Heavyweight,Male,Quarter-Finals
2022,Pan IBJJF Jiu Jitsu Championship 2022,Roosevelt Sousa,Points,N/A,Ultra Heavyweight,Male,Quarter-Finals
2022,Pan IBJJF Jiu Jitsu Championship 2022,Igor Schneider,Loss,N/A,Ultra Heavyweight,Male,Quarter-Finals
2022,Pan IBJJF Jiu Jitsu Championship 2022,Marcus Vinicius,Submission,Choke From The Back,Super Heavyweight,Male,Quarter-Finals
2022,Pan IBJJF Jiu Jitsu Championship 2022,Devhonte Johnson,Loss,N/A,Super Heavyweight,Male,Quarter-Finals
2022,Pan IBJJF Jiu Jitsu Championship 2022,Erich Munis,Submission,Armbar,Super Heavyweight,Male,Quarter-Finals
2022,Pan IBJJF Jiu Jitsu Championship 2022,Wilson Almeida,Loss,N/A,Super Heavyweight,Male,Quarter-Finals
2022,Pan IBJJF Jiu Jitsu Championship 2022,Dimitrius Souza,Points,N/A,Heavyweight,Male,Quarter-Finals
2022,Pan IBJJF Jiu Jitsu Championship 2022,Andre Porfirio,Loss,N/A,Heavyweight,Male,Quarter-Finals
2022,Pan IBJJF Jiu Jitsu Championship 2022,Dimitrius Souza,Submission,Choke From The Back,Heavyweight,Male,Quarter-Finals
2022,Pan IBJJF Jiu Jitsu Championship 2022,Pedro Elias,Loss,N/A,Heavyweight,Male,Quarter-Finals
2022,Pan IBJJF Jiu Jitsu Championship 2022,Sebastian Rodriguez,Decision,N/A,Medium Heavyweight,Male,Quarter-Finals
2022,Pan IBJJF Jiu Jitsu Championship 2022,Alex Munis,Loss,N/A,Medium Heavyweight,Male,Quarter-Finals
2022,Pan IBJJF Jiu Jitsu Championship 2022,Yan Lucas,Advantage,N/A,Medium Heavyweight,Male,Quarter-Finals
2022,Pan IBJJF Jiu Jitsu Championship 2022,Matheus Luna,Loss,N/A,Medium Heavyweight,Male,Quarter-Finals
2022,Pan IBJJF Jiu Jitsu Championship 2022,Manuel Ribamar Filho,Submission,Armbar,Medium Heavyweight,Male,Quarter-Finals
2022,Pan IBJJF Jiu Jitsu Championship 2022,Rafael Paganini,Loss,N/A,Medium Heavyweight,Male,Quarter-Finals
2022,Pan IBJJF Jiu Jitsu Championship 2022,Mathias Luna,Points,N/A,Middleweight,Male,Quarter-Finals
2022,Pan IBJJF Jiu Jitsu Championship 2022,Leo Lara,Loss,N/A,Middleweight,Male,Quarter-Finals
2022,Pan IBJJF Jiu Jitsu Championship 2022,Tainan Dalpra,Submission,Choke From The Back,Middleweight,Male,Quarter-Finals
2022,Pan IBJJF Jiu Jitsu Championship 2022,Eduardo Avelar,Loss,N/A,Middleweight,Male,Quarter-Finals
2022,Pan IBJJF Jiu Jitsu Championship 2022,Ronaldo Junior,Advantage,N/A,Middleweight,Male,Quarter-Finals
2022,Pan IBJJF Jiu Jitsu Championship 2022,Felipe Cesar Silva,Loss,N/A,Middleweight,Male,Quarter-Finals
2022,Pan IBJJF Jiu Jitsu Championship 2022,Andy Murasaki,Submission,Katagatame,Lightweight,Male,Quarter-Finals
2022,Pan IBJJF Jiu Jitsu Championship 2022,Sergio Soares,Loss,N/A,Lightweight,Male,Quarter-Finals
2022,Pan IBJJF Jiu Jitsu Championship 2022,Johnatha Alves,Submission,Toehold,Lightweight,Male,Quarter-Finals
2022,Pan IBJJF Jiu Jitsu Championship 2022,Daniel Diniz,Loss,N/A,Lightweight,Male,Quarter-Finals
2022,Pan IBJJF Jiu Jitsu Championship 2022,Natan Chueng,Advantage,N/A,Lightweight,Male,Quarter-Finals
2022,Pan IBJJF Jiu Jitsu Championship 2022,Rodrigo Freitas,Loss,N/A,Lightweight,Male,Quarter-Finals
2022,Pan IBJJF Jiu Jitsu Championship 2022,Igor Feliz,Decision,N/A,Lightweight,Male,Quarter-Finals
2022,Pan IBJJF Jiu Jitsu Championship 2022,Hugo Marques,Loss,N/A,Lightweight,Male,Quarter-Finals
2022,Pan IBJJF Jiu Jitsu Championship 2022,Alex Sodré,Points,N/A,Featherweight,Male,Quarter-Finals
2022,Pan IBJJF Jiu Jitsu Championship 2022,Isaac Doederlein,Loss,N/A,Featherweight,Male,Quarter-Finals
2022,Pan IBJJF Jiu Jitsu Championship 2022,Gabrieli Pessanha,Win,N/A,Absolute Division,Female,Final
2022,Pan IBJJF Jiu Jitsu Championship 2022,Yara Soares,Loss,N/A,Absolute Division,Female,Final
2022,Pan IBJJF Jiu Jitsu Championship 2022,Gabrieli Pessanha,Points,N/A,Super Heavyweight,Female,Final
2022,Pan IBJJF Jiu Jitsu Championship 2022,Yara Soares,Loss,N/A,Super Heavyweight,Female,Final
2022,Pan IBJJF Jiu Jitsu Championship 2022,Melissa Stricker Cueto,Win,N/A,Heavyweight,Female,Final
2022,Pan IBJJF Jiu Jitsu Championship 2022,Maggie Grindatti,Loss,N/A,Heavyweight,Female,Final
2022,Pan IBJJF Jiu Jitsu Championship 2022,Maria Malyjasiak,Win,N/A,Medium Heavyweight,Female,Final
2022,Pan IBJJF Jiu Jitsu Championship 2022,Izadora Cristina Silva,Loss,N/A,Medium Heavyweight,Female,Final
2022,Pan IBJJF Jiu Jitsu Championship 2022,Thamara Ferreira,Penalty,N/A,Middleweight,Female,Final
2022,Pan IBJJF Jiu Jitsu Championship 2022,Chloe Mcnally,Loss,N/A,Middleweight,Female,Final
2022,Pan IBJJF Jiu Jitsu Championship 2022,Nathalie Ribeiro,Win,N/A,Lightweight,Female,Final
2022,Pan IBJJF Jiu Jitsu Championship 2022,Ffion Davies,Loss,N/A,Lightweight,Female,Final
2022,Pan IBJJF Jiu Jitsu Championship 2022,Ana Rodrigues,Submission,Choke,Featherweight,Female,Final
2022,Pan IBJJF Jiu Jitsu Championship 2022,Amanda Monteiro,Loss,N/A,Featherweight,Female,Final
2022,Pan IBJJF Jiu Jitsu Championship 2022,Jessa Khan,Points,N/A,Light Featherweight,Female,Final
2022,Pan IBJJF Jiu Jitsu Championship 2022,Thamires Aquino,Loss,N/A,Light Featherweight,Female,Final
2022,Pan IBJJF Jiu Jitsu Championship 2022,Mayssa Bastos,Points,N/A,Rooster Weight,Female,Final
2022,Pan IBJJF Jiu Jitsu Championship 2022,Lavinia Barbosa,Loss,N/A,Rooster Weight,Female,Final
2022,Pan IBJJF Jiu Jitsu Championship 2022,Yara Soares,Win,N/A,Absolute Division,Female,Semi-Finals
2022,Pan IBJJF Jiu Jitsu Championship 2022,Maria Malyjasiak,Loss,N/A,Absolute Division,Female,Semi-Finals
2022,Pan IBJJF Jiu Jitsu Championship 2022,Gabrieli Pessanha,Decision,N/A,Absolute Division,Female,Semi-Finals
2022,Pan IBJJF Jiu Jitsu Championship 2022,Melissa Stricker Cueto,Loss,N/A,Absolute Division,Female,Semi-Finals
2022,Pan IBJJF Jiu Jitsu Championship 2022,Thamara Ferreira,Points,N/A,Middleweight,Female,Semi-Finals
2022,Pan IBJJF Jiu Jitsu Championship 2022,Natalia Zumba De Souza,Loss,N/A,Middleweight,Female,Semi-Finals
2022,Pan IBJJF Jiu Jitsu Championship 2022,Chloe Mcnally,Points,N/A,Middleweight,Female,Semi-Finals
2022,Pan IBJJF Jiu Jitsu Championship 2022,Vannessa Griffin,Loss,N/A,Middleweight,Female,Semi-Finals
2022,Pan IBJJF Jiu Jitsu Championship 2022,Ffion Davies,Submission,Armbar,Lightweight,Female,Semi-Finals
2022,Pan IBJJF Jiu Jitsu Championship 2022,Margot Ciccarelli,Loss,N/A,Lightweight,Female,Semi-Finals
2022,Pan IBJJF Jiu Jitsu Championship 2022,Ana Rodrigues,Submission,Reverse Triangle,Featherweight,Female,Semi-Finals
2022,Pan IBJJF Jiu Jitsu Championship 2022,Sophia Dalpra,Loss,N/A,Featherweight,Female,Semi-Finals
2022,Pan IBJJF Jiu Jitsu Championship 2022,Jessa Khan,Submission,Armbar,Light Featherweight,Female,Semi-Finals
2022,Pan IBJJF Jiu Jitsu Championship 2022,Sofia Amarante,Loss,N/A,Light Featherweight,Female,Semi-Finals
2022,Pan IBJJF Jiu Jitsu Championship 2022,Mayssa Bastos,Points,N/A,Rooster Weight,Female,Semi-Finals
2022,Pan IBJJF Jiu Jitsu Championship 2022,Jhenifer Aquino,Loss,N/A,Rooster Weight,Female,Semi-Finals
2022,Pan IBJJF Jiu Jitsu Championship 2022,Gabrieli Pessanha,Submission,Choke From The Back,Absolute Division,Female,Quarter-Finals
2022,Pan IBJJF Jiu Jitsu Championship 2022,Janine Mutton,Loss,N/A,Absolute Division,Female,Quarter-Finals
2022,Pan IBJJF Jiu Jitsu Championship 2022,Yara Soares,Win,N/A,Absolute Division,Female,Quarter-Finals
2022,Pan IBJJF Jiu Jitsu Championship 2022,Elizabeth Katherine Mitrović,Loss,N/A,Absolute Division,Female,Quarter-Finals
2022,Pan IBJJF Jiu Jitsu Championship 2022,Vannessa Griffin,Submission,Armbar,Middleweight,Female,Quarter-Finals
2022,Pan IBJJF Jiu Jitsu Championship 2022,Ana Nascimento,Loss,N/A,Middleweight,Female,Quarter-Finals
2022,Pan IBJJF Jiu Jitsu Championship 2022,Ffion Davies,Decision,N/A,Lightweight,Female,Quarter-Finals
2022,Pan IBJJF Jiu Jitsu Championship 2022,Thamires Monteiro,Loss,N/A,Lightweight,Female,Quarter-Finals
2022,Pan IBJJF Jiu Jitsu Championship 2022,Chloe Mcnally,Submission,Choke,Lightweight,Female,Quarter-Finals
2022,Pan IBJJF Jiu Jitsu Championship 2022,Suellen Lima,Loss,N/A,Lightweight,Female,Quarter-Finals
2022,Pan IBJJF Jiu Jitsu Championship 2022,Margot Ciccarelli,Advantage,N/A,Lightweight,Female,Quarter-Finals
2022,Pan IBJJF Jiu Jitsu Championship 2022,Fernanda Figueira,Loss,N/A,Lightweight,Female,Quarter-Finals
2022,2022 Pan Jiu Jitsu IBJJF Championship,Erich Munis,Points,N/A,Absolute Division,Male,Final
2022,2022 Pan Jiu Jitsu IBJJF Championship,Fellipe Andrew,Loss,N/A,Absolute Division,Male,Final
2022,2022 Pan Jiu Jitsu IBJJF Championship,Roberto “Cyborg” Abreu,Points,N/A,Ultra Heavyweight,Male,Final
2022,2022 Pan Jiu Jitsu IBJJF Championship,Gutemberg Pereira,Loss,N/A,Ultra Heavyweight,Male,Final
2022,2022 Pan Jiu Jitsu IBJJF Championship,Tainan Dalpra,Points,N/A,Middleweight,Male,Final
2022,2022 Pan Jiu Jitsu IBJJF Championship,Jeferson Guaresi,Loss,N/A,Middleweight,Male,Final
2022,2022 Pan Jiu Jitsu IBJJF Championship,Johnatha Alves,Points,N/A,Lightweight,Male,Final
2022,2022 Pan Jiu Jitsu IBJJF Championship,Andy Murasaki,Loss,N/A,Lightweight,Male,Final
2022,2022 Pan Jiu Jitsu IBJJF Championship,Johnatha Alves,Advantage,N/A,Lightweight,Male,Final
2022,2022 Pan Jiu Jitsu IBJJF Championship,Meyram Maquine,Points,N/A,Light Featherweight,Male,Final
2022,2022 Pan Jiu Jitsu IBJJF Championship,Lucas Pinheiro,Loss,N/A,Light Featherweight,Male,Final
2022,2022 Pan Jiu Jitsu IBJJF Championship,Bebeto Oliveira,Advantage,N/A,Rooster Weight,Male,Final
2022,2022 Pan Jiu Jitsu IBJJF Championship,Thalison Soares,Loss,N/A,Rooster Weight,Male,Final
2022,2022 Pan Jiu Jitsu IBJJF Championship,Fellipe Andrew,Decision,N/A,Absolute Division,Male,Semi-Finals
2022,2022 Pan Jiu Jitsu IBJJF Championship,Wallace Costa,Loss,N/A,Absolute Division,Male,Semi-Finals
2022,2022 Pan Jiu Jitsu IBJJF Championship,Erich Munis,Advantage,N/A,Absolute Division,Male,Semi-Finals
2022,2022 Pan Jiu Jitsu IBJJF Championship,Roosevelt Sousa,Loss,N/A,Absolute Division,Male,Semi-Finals
2022,2022 Pan Jiu Jitsu IBJJF Championship,Roberto “Cyborg” Abreu,Advantage,N/A,Ultra Heavyweight,Male,Semi-Finals
2022,2022 Pan Jiu Jitsu IBJJF Championship,Davi Cabral De Souza,Loss,N/A,Ultra Heavyweight,Male,Semi-Finals
2022,2022 Pan Jiu Jitsu IBJJF Championship,Dimitrius Souza,Submission,Armbar,Heavyweight,Male,Semi-Finals
2022,2022 Pan Jiu Jitsu IBJJF Championship,Pedro Marinho,Loss,N/A,Heavyweight,Male,Semi-Finals
2022,2022 Pan Jiu Jitsu IBJJF Championship,Tainan Dalpra,Points,N/A,Middleweight,Male,Semi-Finals
2022,2022 Pan Jiu Jitsu IBJJF Championship,Ronaldo Junior,Loss,N/A,Middleweight,Male,Semi-Finals
2022,2022 Pan Jiu Jitsu IBJJF Championship,Jeferson Guaresi,Decision,N/A,Middleweight,Male,Semi-Finals
2022,2022 Pan Jiu Jitsu IBJJF Championship,Mathias Luna,Loss,N/A,Middleweight,Male,Semi-Finals
2022,2022 Pan Jiu Jitsu IBJJF Championship,Johnatha Alves,Submission,Choke From The Back,Lightweight,Male,Semi-Finals
2022,2022 Pan Jiu Jitsu IBJJF Championship,Natan Chueng,Loss,N/A,Lightweight,Male,Semi-Finals
2022,2022 Pan Jiu Jitsu IBJJF Championship,Andy Murasaki,Points,N/A,Lightweight,Male,Semi-Finals
2022,2022 Pan Jiu Jitsu IBJJF Championship,Igor Feliz,Loss,N/A,Lightweight,Male,Semi-Finals
2022,2022 Pan Jiu Jitsu IBJJF Championship,Alex Sodré,Points,N/A,Featherweight,Male,Semi-Finals
2022,2022 Pan Jiu Jitsu IBJJF Championship,Thiago Macedo,Loss,N/A,Featherweight,Male,Semi-Finals
2022,2022 Pan Jiu Jitsu IBJJF Championship,Meyram Maquine,Advantage,N/A,Light Featherweight,Male,Semi-Finals
2022,2022 Pan Jiu Jitsu IBJJF Championship,Tomoyuki Hashimoto,Loss,N/A,Light Featherweight,Male,Semi-Finals
2022,2022 Pan Jiu Jitsu IBJJF Championship,Lucas Pinheiro,Submission,Straight Ankle Lock,Light Featherweight,Male,Semi-Finals
2022,2022 Pan Jiu Jitsu IBJJF Championship,Hiago George,Loss,N/A,Light Featherweight,Male,Semi-Finals
2022,2022 Pan Jiu Jitsu IBJJF Championship,Thalison Soares,Advantage,N/A,Rooster Weight,Male,Semi-Finals
2022,2022 Pan Jiu Jitsu IBJJF Championship,Estevan Martinez,Loss,N/A,Rooster Weight,Male,Semi-Finals
2022,2022 Pan Jiu Jitsu IBJJF Championship,Wallace Costa,Points,N/A,Absolute Division,Male,Quarter-Finals
2022,2022 Pan Jiu Jitsu IBJJF Championship,Fellipe Trovo,Loss,N/A,Absolute Division,Male,Quarter-Finals
2022,2022 Pan Jiu Jitsu IBJJF Championship,Erich Munis,Points,N/A,Absolute Division,Male,Quarter-Finals
2022,2022 Pan Jiu Jitsu IBJJF Championship,Pedro Marinho,Loss,N/A,Absolute Division,Male,Quarter-Finals
2022,2022 Pan Jiu Jitsu IBJJF Championship,Roberto “Cyborg” Abreu,Points,N/A,Ultra Heavyweight,Male,Quarter-Finals
2022,2022 Pan Jiu Jitsu IBJJF Championship,Wallace Costa,Loss,N/A,Ultra Heavyweight,Male,Quarter-Finals
2022,2022 Pan Jiu Jitsu IBJJF Championship,Marcus Ribeiro,Submission,Choke From The Back,Super Heavyweight,Male,Quarter-Finals
2022,2022 Pan Jiu Jitsu IBJJF Championship,Devhonte Johnson,Loss,N/A,Super Heavyweight,Male,Quarter-Finals
2022,2022 Pan Jiu Jitsu IBJJF Championship,Pedro Marinho,Points,N/A,Heavyweight,Male,Quarter-Finals
2022,2022 Pan Jiu Jitsu IBJJF Championship,Andre Porfirio,Loss,N/A,Heavyweight,Male,Quarter-Finals
2022,2022 Pan Jiu Jitsu IBJJF Championship,Dimitrius Souza,Submission,Choke From The Back,Heavyweight,Male,Quarter-Finals
2022,2022 Pan Jiu Jitsu IBJJF Championship,Pedro Elias,Loss,N/A,Heavyweight,Male,Quarter-Finals
2022,2022 Pan Jiu Jitsu IBJJF Championship,Sebastian Rodriguez,Decision,N/A,Medium Heavyweight,Male,Quarter-Finals
2022,2022 Pan Jiu Jitsu IBJJF Championship,Alex Munis,Loss,N/A,Medium Heavyweight,Male,Quarter-Finals
2022,2022 Pan Jiu Jitsu IBJJF Championship,Leandro Lo,Points,N/A,-88Kgs,Male,Quarter-Finals
2022,2022 Pan Jiu Jitsu IBJJF Championship,Jansen Gomes,Loss,N/A,-88Kgs,Male,Quarter-Finals
2022,2022 Pan Jiu Jitsu IBJJF Championship,Tainan Dalpra,Submission,Choke From The Back,Middleweight,Male,Quarter-Finals
2022,2022 Pan Jiu Jitsu IBJJF Championship,Eduardo Avelar,Loss,N/A,Middleweight,Male,Quarter-Finals
2022,2022 Pan Jiu Jitsu IBJJF Championship,Matheus Luna,Points,N/A,Middleweight,Male,Quarter-Finals
2022,2022 Pan Jiu Jitsu IBJJF Championship,Leo Lara,Loss,N/A,Middleweight,Male,Quarter-Finals
2022,2022 Pan Jiu Jitsu IBJJF Championship,Ronaldo Junior,Advantage,N/A,Middleweight,Male,Quarter-Finals
2022,2022 Pan Jiu Jitsu IBJJF Championship,Felipe Cesar Silva,Loss,N/A,Middleweight,Male,Quarter-Finals
2022,2022 Pan Jiu Jitsu IBJJF Championship,Igor Feliz,Decision,N/A,Lightweight,Male,Quarter-Finals
2022,2022 Pan Jiu Jitsu IBJJF Championship,Hugo Marques,Loss,N/A,Lightweight,Male,Quarter-Finals
2022,2022 Pan Jiu Jitsu IBJJF Championship,Andy Murasaki,Submission,Katagatame,Lightweight,Male,Quarter-Finals
2022,2022 Pan Jiu Jitsu IBJJF Championship,Sergio Soares,Loss,N/A,Lightweight,Male,Quarter-Finals
2022,2022 Pan Jiu Jitsu IBJJF Championship,Johnatha Alves,Submission,Toehold,Lightweight,Male,Quarter-Finals
2022,2022 Pan Jiu Jitsu IBJJF Championship,Daniel Diniz,Loss,N/A,Lightweight,Male,Quarter-Finals
2022,2022 Pan Jiu Jitsu IBJJF Championship,Natan Chueng,Advantage,N/A,Lightweight,Male,Quarter-Finals
2022,2022 Pan Jiu Jitsu IBJJF Championship,Rodrigo Freitas,Loss,N/A,Lightweight,Male,Quarter-Finals
2022,2022 Pan Jiu Jitsu IBJJF Championship,Thiago Macedo,Points,N/A,Featherweight,Male,Quarter-Finals
2022,2022 Pan Jiu Jitsu IBJJF Championship,Nick Salles,Loss,N/A,Featherweight,Male,Quarter-Finals
2022,2022 Pan Jiu Jitsu IBJJF Championship,Alex Sodré,Points,N/A,Featherweight,Male,Quarter-Finals
2022,2022 Pan Jiu Jitsu IBJJF Championship,Isaac Doederlein,Loss,N/A,Featherweight,Male,Quarter-Finals
2022,2022 Pan Jiu Jitsu IBJJF Championship,Richar Nogueira,Decision,N/A,70Kgs,Male,Quarter-Finals
2022,2022 Pan Jiu Jitsu IBJJF Championship,Shane Jamil Hill-Taylor,Loss,N/A,70Kgs,Male,Quarter-Finals
2022,2022 Pan Jiu Jitsu IBJJF Championship,Tomoyuki Hashimoto,Advantage,N/A,Light Featherweight,Male,Quarter-Finals
2022,2022 Pan Jiu Jitsu IBJJF Championship,Pedro Dias,Loss,N/A,Light Featherweight,Male,Quarter-Finals
2022,2022 Pan Jiu Jitsu IBJJF Championship,Meyram Maquine,Submission,Choke From The Back,Light Featherweight,Male,Quarter-Finals
2022,2022 Pan Jiu Jitsu IBJJF Championship,Keven Carrasco,Loss,N/A,Light Featherweight,Male,Quarter-Finals
2022,2022 Pan Jiu Jitsu IBJJF Championship,Gabrieli Pessanha,Win,N/A,Absolute Division,Female,Final
2022,2022 Pan Jiu Jitsu IBJJF Championship,Yara Soares,Loss,N/A,Absolute Division,Female,Final
2022,2022 Pan Jiu Jitsu IBJJF Championship,Gabrieli Pessanha,Points,N/A,Super Heavyweight,Female,Final
2022,2022 Pan Jiu Jitsu IBJJF Championship,Yara Soares,Loss,N/A,Super Heavyweight,Female,Final
2022,2022 Pan Jiu Jitsu IBJJF Championship,Thamara Ferreira,Penalty,N/A,Middleweight,Female,Final
2022,2022 Pan Jiu Jitsu IBJJF Championship,Chloe Mcnally,Loss,N/A,Middleweight,Female,Final
2022,2022 Pan Jiu Jitsu IBJJF Championship,Nathalie Ribeiro,Points,N/A,Lightweight,Female,Final
2022,2022 Pan Jiu Jitsu IBJJF Championship,Ffion Davies,Loss,N/A,Lightweight,Female,Final
2022,2022 Pan Jiu Jitsu IBJJF Championship,Jessa Khan,Points,N/A,Light Featherweight,Female,Final
2022,2022 Pan Jiu Jitsu IBJJF Championship,Thamires Aquino,Loss,N/A,Light Featherweight,Female,Final
2022,2022 Pan Jiu Jitsu IBJJF Championship,Mayssa Bastos,Points,N/A,Rooster Weight,Female,Final
2022,2022 Pan Jiu Jitsu IBJJF Championship,Lavinia Barbosa,Loss,N/A,Rooster Weight,Female,Final
2022,2022 Pan Jiu Jitsu IBJJF Championship,Gabrieli Pessanha,Decision,N/A,Absolute Division,Female,Semi-Finals
2022,2022 Pan Jiu Jitsu IBJJF Championship,Melissa Stricker Cueto,Loss,N/A,Absolute Division,Female,Semi-Finals
2022,2022 Pan Jiu Jitsu IBJJF Championship,Yara Soares,Win,N/A,Absolute Division,Female,Semi-Finals
2022,2022 Pan Jiu Jitsu IBJJF Championship,Maria Malyjasiak,Loss,N/A,Absolute Division,Female,Semi-Finals
2022,2022 Pan Jiu Jitsu IBJJF Championship,Melissa Stricker Cueto,Advantage,N/A,Heavyweight,Female,Semi-Finals
2022,2022 Pan Jiu Jitsu IBJJF Championship,Larissa De Almeida,Loss,N/A,Heavyweight,Female,Semi-Finals
2022,2022 Pan Jiu Jitsu IBJJF Championship,Chloe Mcnally,Points,N/A,Middleweight,Female,Semi-Finals
2022,2022 Pan Jiu Jitsu IBJJF Championship,Vannessa Griffin,Loss,N/A,Middleweight,Female,Semi-Finals
2022,2022 Pan Jiu Jitsu IBJJF Championship,Thamara Ferreira,Points,N/A,Middleweight,Female,Semi-Finals
2022,2022 Pan Jiu Jitsu IBJJF Championship,Natalia Zumba De Souza,Loss,N/A,Middleweight,Female,Semi-Finals
2022,2022 Pan Jiu Jitsu IBJJF Championship,Ffion Davies,Submission,Armbar,Lightweight,Female,Semi-Finals
2022,2022 Pan Jiu Jitsu IBJJF Championship,Margot Ciccarelli,Loss,N/A,Lightweight,Female,Semi-Finals
2022,2022 Pan Jiu Jitsu IBJJF Championship,Nathalie Ribeiro,Points,N/A,Lightweight,Female,Semi-Finals
2022,2022 Pan Jiu Jitsu IBJJF Championship,Janaina Maia Lebre,Loss,N/A,Lightweight,Female,Semi-Finals
2022,2022 Pan Jiu Jitsu IBJJF Championship,Jessa Khan,Submission,Armbar,Light Featherweight,Female,Semi-Finals
2022,2022 Pan Jiu Jitsu IBJJF Championship,Sofia Amarante,Loss,N/A,Light Featherweight,Female,Semi-Finals
2022,2022 Pan Jiu Jitsu IBJJF Championship,Mayssa Bastos,Points,N/A,Rooster Weight,Female,Semi-Finals
2022,2022 Pan Jiu Jitsu IBJJF Championship,Jhenifer Aquino,Loss,N/A,Rooster Weight,Female,Semi-Finals
2022,2022 Pan Jiu Jitsu IBJJF Championship,Gabrieli Pessanha,Submission,Choke From The Back,Absolute Division,Female,Quarter-Finals
2022,2022 Pan Jiu Jitsu IBJJF Championship,Janine Mutton,Loss,N/A,Absolute Division,Female,Quarter-Finals
2022,2022 Pan Jiu Jitsu IBJJF Championship,Yara Soares,Win,N/A,Absolute Division,Female,Quarter-Finals
2022,2022 Pan Jiu Jitsu IBJJF Championship,Elizabeth Katherine Mitrović,Loss,N/A,Absolute Division,Female,Quarter-Finals
2022,2022 Pan Jiu Jitsu IBJJF Championship,Larissa De Almeida,Submission,Armbar,Heavyweight,Female,Quarter-Finals
2022,2022 Pan Jiu Jitsu IBJJF Championship,Tara White,Loss,N/A,Heavyweight,Female,Quarter-Finals
2022,2022 Pan Jiu Jitsu IBJJF Championship,Chloe Mcnally,Submission,Choke,Middleweight,Female,Quarter-Finals
2022,2022 Pan Jiu Jitsu IBJJF Championship,Suellen Lima,Loss,N/A,Middleweight,Female,Quarter-Finals
2022,2022 Pan Jiu Jitsu IBJJF Championship,Vannessa Griffin,Submission,Armbar,Middleweight,Female,Quarter-Finals
2022,2022 Pan Jiu Jitsu IBJJF Championship,Ana Nascimento,Loss,N/A,Middleweight,Female,Quarter-Finals
2022,2022 Pan Jiu Jitsu IBJJF Championship,Margot Ciccarelli,Advantage,N/A,Lightweight,Female,Quarter-Finals
2022,2022 Pan Jiu Jitsu IBJJF Championship,Fernanda Figueira,Loss,N/A,Lightweight,Female,Quarter-Finals
2022,2022 Pan Jiu Jitsu IBJJF Championship,Janaina Maia Lebre,Submission,Choke From The Back,Lightweight,Female,Quarter-Finals
2022,2022 Pan Jiu Jitsu IBJJF Championship,Janine Mutton,Loss,N/A,Lightweight,Female,Quarter-Finals
2022,2022 European Jiu-Jitsu IBJJF Championship,Fellipe Andrew,Points,N/A,Absolute Division,Male,Final
2022,2022 European Jiu-Jitsu IBJJF Championship,Yatan Bueno,Loss,N/A,Absolute Division,Male,Final
2022,2022 European Jiu-Jitsu IBJJF Championship,Rafael Lovato Jr.,Points,N/A,Ultra Heavyweight,Male,Final
2022,2022 European Jiu-Jitsu IBJJF Championship,Guilherme Bacha Guedes,Loss,N/A,Ultra Heavyweight,Male,Final
2022,2022 European Jiu-Jitsu IBJJF Championship,Fellipe Andrew,Points,N/A,Super Heavyweight,Male,Final
2022,2022 European Jiu-Jitsu IBJJF Championship,Vinícius “Trator” Ferreira Gazola,Loss,N/A,Super Heavyweight,Male,Final
2022,2022 European Jiu-Jitsu IBJJF Championship,Adam Wardzinski,Points,N/A,Heavyweight,Male,Final
2022,2022 European Jiu-Jitsu IBJJF Championship,Dominique Bell,Loss,N/A,Heavyweight,Male,Final
2022,2022 European Jiu-Jitsu IBJJF Championship,Bruno Lima,Points,N/A,Medium Heavyweight,Male,Final
2022,2022 European Jiu-Jitsu IBJJF Championship,Szilard Sule,Loss,N/A,Medium Heavyweight,Male,Final
2022,2022 European Jiu-Jitsu IBJJF Championship,Tainan Dalpra,Submission,Armbar,Middleweight,Male,Final
2022,2022 European Jiu-Jitsu IBJJF Championship,Tommy Langaker,Loss,N/A,Middleweight,Male,Final
2022,2022 European Jiu-Jitsu IBJJF Championship,Espen Mathiesen,Points,N/A,Lightweight,Male,Final
2022,2022 European Jiu-Jitsu IBJJF Championship,Marcelo Fausto,Loss,N/A,Lightweight,Male,Final
2022,2022 European Jiu-Jitsu IBJJF Championship,Diego Sodre,Points,N/A,Featherweight,Male,Final
2022,2022 European Jiu-Jitsu IBJJF Championship,Isaac Doederlein,Loss,N/A,Featherweight,Male,Final
2022,2022 European Jiu-Jitsu IBJJF Championship,Hiago George,Win,N/A,Light Featherweight,Male,Final
2022,2022 European Jiu-Jitsu IBJJF Championship,Paulo Miyao,Loss,N/A,Light Featherweight,Male,Final
2022,2022 European Jiu-Jitsu IBJJF Championship,Thalison Soares,Submission,Choke,Rooster Weight,Male,Final
2022,2022 European Jiu-Jitsu IBJJF Championship,Welerson Goncalves Silva,Loss,N/A,Rooster Weight,Male,Final
2022,2022 European Jiu-Jitsu IBJJF Championship,Yatan Bueno,Win,N/A,Absolute Division,Male,Semi-Finals
2022,2022 European Jiu-Jitsu IBJJF Championship,Adam Wardzinski,Loss,N/A,Absolute Division,Male,Semi-Finals
2022,2022 European Jiu-Jitsu IBJJF Championship,Fellipe Andrew,Win,N/A,Absolute Division,Male,Semi-Finals
2022,2022 European Jiu-Jitsu IBJJF Championship,Matheus Felipe Xavier,Loss,N/A,Absolute Division,Male,Semi-Finals
2022,2022 European Jiu-Jitsu IBJJF Championship,Rafael Lovato Jr.,Submission,Choke,Ultra Heavyweight,Male,Semi-Finals
2022,2022 European Jiu-Jitsu IBJJF Championship,Yatan Bueno,Loss,N/A,Ultra Heavyweight,Male,Semi-Finals
2022,2022 European Jiu-Jitsu IBJJF Championship,Guilherme Bacha Guedes,Points,N/A,Ultra Heavyweight,Male,Semi-Finals
2022,2022 European Jiu-Jitsu IBJJF Championship,Felipe Mauricio,Loss,N/A,Ultra Heavyweight,Male,Semi-Finals
2022,2022 European Jiu-Jitsu IBJJF Championship,Fellipe Andrew,Submission,Arm Triangle Choke,Super Heavyweight,Male,Semi-Finals
2022,2022 European Jiu-Jitsu IBJJF Championship,Eric Bergmann,Loss,N/A,Super Heavyweight,Male,Semi-Finals
2022,2022 European Jiu-Jitsu IBJJF Championship,Vinícius “Trator” Ferreira Gazola,Win,N/A,Super Heavyweight,Male,Semi-Finals
2022,2022 European Jiu-Jitsu IBJJF Championship,Ezequiel Nogueira,Loss,N/A,Super Heavyweight,Male,Semi-Finals
2022,2022 European Jiu-Jitsu IBJJF Championship,Adam Wardzinski,Win,N/A,Heavyweight,Male,Semi-Finals
2022,2022 European Jiu-Jitsu IBJJF Championship,Mebtouche Reda,Loss,N/A,Heavyweight,Male,Semi-Finals
2022,2022 European Jiu-Jitsu IBJJF Championship,Dominique Bell,Points,N/A,Heavyweight,Male,Semi-Finals
2022,2022 European Jiu-Jitsu IBJJF Championship,Jakub Zajkowski,Loss,N/A,Heavyweight,Male,Semi-Finals
2022,2022 European Jiu-Jitsu IBJJF Championship,Bruno Lima,Advantage,N/A,Medium Heavyweight,Male,Semi-Finals
2022,2022 European Jiu-Jitsu IBJJF Championship,Matheus Spirandeli,Loss,N/A,Medium Heavyweight,Male,Semi-Finals
2022,2022 European Jiu-Jitsu IBJJF Championship,Szilard Sule,Win,N/A,Medium Heavyweight,Male,Semi-Finals
2022,2022 European Jiu-Jitsu IBJJF Championship,Sean Coates,Loss,N/A,Medium Heavyweight,Male,Semi-Finals
2022,2022 European Jiu-Jitsu IBJJF Championship,Tommy Langaker,Submission,Choke,Middleweight,Male,Semi-Finals
2022,2022 European Jiu-Jitsu IBJJF Championship,Fabio Pititto,Loss,N/A,Middleweight,Male,Semi-Finals
2022,2022 European Jiu-Jitsu IBJJF Championship,Tainan Dalpra,Submission,Choke,Middleweight,Male,Semi-Finals
2022,2022 European Jiu-Jitsu IBJJF Championship,Tarik Hopstock,Loss,N/A,Middleweight,Male,Semi-Finals
2022,2022 European Jiu-Jitsu IBJJF Championship,Marcelo Fausto,Win,N/A,Lightweight,Male,Semi-Finals
2022,2022 European Jiu-Jitsu IBJJF Championship,Igor Feliz,Loss,N/A,Lightweight,Male,Semi-Finals
2022,2022 European Jiu-Jitsu IBJJF Championship,Isaac Doederlein,Submission,Choke,Featherweight,Male,Semi-Finals
2022,2022 European Jiu-Jitsu IBJJF Championship,Wilhiam Silva,Loss,N/A,Featherweight,Male,Semi-Finals
2022,2022 European Jiu-Jitsu IBJJF Championship,Diego Sodre,Submission,Choke,Featherweight,Male,Semi-Finals
2022,2022 European Jiu-Jitsu IBJJF Championship,Sam McNally,Loss,N/A,Featherweight,Male,Semi-Finals
2022,2022 European Jiu-Jitsu IBJJF Championship,Hiago George,Submission,Mounted Triangle,Light Featherweight,Male,Semi-Finals
2022,2022 European Jiu-Jitsu IBJJF Championship,Igor Terreco,Loss,N/A,Light Featherweight,Male,Semi-Finals
2022,2022 European Jiu-Jitsu IBJJF Championship,Paulo Miyao,Points,N/A,Light Featherweight,Male,Semi-Finals
2022,2022 European Jiu-Jitsu IBJJF Championship,Huthayfah Penney,Loss,N/A,Light Featherweight,Male,Semi-Finals
2022,2022 European Jiu-Jitsu IBJJF Championship,Welerson Goncalves Silva,Advantage,N/A,Rooster Weight,Male,Semi-Finals
2022,2022 European Jiu-Jitsu IBJJF Championship,Jonas Andrade,Loss,N/A,Rooster Weight,Male,Semi-Finals
2022,2022 European Jiu-Jitsu IBJJF Championship,Fellipe Andrew,Win,N/A,Absolute Division,Male,Quarter-Finals
2022,2022 European Jiu-Jitsu IBJJF Championship,Perttu Tepponen,Loss,N/A,Absolute Division,Male,Quarter-Finals
2022,2022 European Jiu-Jitsu IBJJF Championship,Matheus Felipe Xavier,Win,N/A,Absolute Division,Male,Quarter-Finals
2022,2022 European Jiu-Jitsu IBJJF Championship,Shane Fishman,Loss,N/A,Absolute Division,Male,Quarter-Finals
2022,2022 European Jiu-Jitsu IBJJF Championship,Adam Wardzinski,Win,N/A,Absolute Division,Male,Quarter-Finals
2022,2022 European Jiu-Jitsu IBJJF Championship,Reda Hamed,Loss,N/A,Absolute Division,Male,Quarter-Finals
2022,2022 European Jiu-Jitsu IBJJF Championship,Yatan Bueno,Win,N/A,Absolute Division,Male,Quarter-Finals
2022,2022 European Jiu-Jitsu IBJJF Championship,Sean Coates,Loss,N/A,Absolute Division,Male,Quarter-Finals
2022,2022 European Jiu-Jitsu IBJJF Championship,Yatan Bueno,Win,N/A,Ultra Heavyweight,Male,Quarter-Finals
2022,2022 European Jiu-Jitsu IBJJF Championship,Matheus Felipe Xavier,Loss,N/A,Ultra Heavyweight,Male,Quarter-Finals
2022,2022 European Jiu-Jitsu IBJJF Championship,Guilherme Bacha Guedes,Submission,Kimura,Ultra Heavyweight,Male,Quarter-Finals
2022,2022 European Jiu-Jitsu IBJJF Championship,Almog Britsch,Loss,N/A,Ultra Heavyweight,Male,Quarter-Finals
2022,2022 European Jiu-Jitsu IBJJF Championship,Rafael Lovato Jr.,Submission,Armbar,Ultra Heavyweight,Male,Quarter-Finals
2022,2022 European Jiu-Jitsu IBJJF Championship,Guilherme Themudo,Loss,N/A,Ultra Heavyweight,Male,Quarter-Finals
2022,2022 European Jiu-Jitsu IBJJF Championship,Felipe Mauricio,Win,N/A,Ultra Heavyweight,Male,Quarter-Finals
2022,2022 European Jiu-Jitsu IBJJF Championship,Andrzej Iwat,Loss,N/A,Ultra Heavyweight,Male,Quarter-Finals
2022,2022 European Jiu-Jitsu IBJJF Championship,Eric Bergmann,Win,N/A,Super Heavyweight,Male,Quarter-Finals
2022,2022 European Jiu-Jitsu IBJJF Championship,Perttu Tepponen,Loss,N/A,Super Heavyweight,Male,Quarter-Finals
2022,2022 European Jiu-Jitsu IBJJF Championship,Fellipe Andrew,Submission,Armbar,Super Heavyweight,Male,Quarter-Finals
2022,2022 European Jiu-Jitsu IBJJF Championship,Julian Stonjek,Loss,N/A,Super Heavyweight,Male,Quarter-Finals
2022,2022 European Jiu-Jitsu IBJJF Championship,Dominique Bell,Decision,N/A,Heavyweight,Male,Quarter-Finals
2022,2022 European Jiu-Jitsu IBJJF Championship,Neocicero Barbosa,Loss,N/A,Heavyweight,Male,Quarter-Finals
2022,2022 European Jiu-Jitsu IBJJF Championship,Mebtouche Reda,Points,N/A,Heavyweight,Male,Quarter-Finals
2022,2022 European Jiu-Jitsu IBJJF Championship,Felipe Pinheiro,Loss,N/A,Heavyweight,Male,Quarter-Finals
2022,2022 European Jiu-Jitsu IBJJF Championship,Gabi Pessanha,Points,N/A,Absolute Division,Female,Final
2022,2022 European Jiu-Jitsu IBJJF Championship,Thalyta Silva,Loss,N/A,Absolute Division,Female,Final
2022,2022 European Jiu-Jitsu IBJJF Championship,Gabi Pessanha,Win,N/A,Super Heavyweight,Female,Final
2022,2022 European Jiu-Jitsu IBJJF Championship,Claire-France Thévenon,Loss,N/A,Super Heavyweight,Female,Final
2022,2022 European Jiu-Jitsu IBJJF Championship,Maggie Grindatti,Points,N/A,Heavyweight,Female,Final
2022,2022 European Jiu-Jitsu IBJJF Championship,Magdalena Loska,Loss,N/A,Heavyweight,Female,Final
2022,2022 European Jiu-Jitsu IBJJF Championship,Thalyta Silva,Points,N/A,Middleweight,Female,Final
2022,2022 European Jiu-Jitsu IBJJF Championship,Janaina Maia Lebre,Loss,N/A,Middleweight,Female,Final
2022,2022 European Jiu-Jitsu IBJJF Championship,Nathalie Ribeiro,Points,N/A,Lightweight,Female,Final
2022,2022 European Jiu-Jitsu IBJJF Championship,Janaina Maia Lebre,Loss,N/A,Lightweight,Female,Final
2022,2022 European Jiu-Jitsu IBJJF Championship,Ana Rodrigues,Points,N/A,Featherweight,Female,Final
2022,2022 European Jiu-Jitsu IBJJF Championship,Gabriela Pereira,Loss,N/A,Featherweight,Female,Final
2022,2022 European Jiu-Jitsu IBJJF Championship,Mayssa Bastos,Submission,Armbar,Light Featherweight,Female,Final
2022,2022 European Jiu-Jitsu IBJJF Championship,Rose El Sharouni,Loss,N/A,Light Featherweight,Female,Final
2022,2022 European Jiu-Jitsu IBJJF Championship,Thais Loureiro Felipe,Decision,N/A,Rooster Weight,Female,Final
2022,2022 European Jiu-Jitsu IBJJF Championship,Kaori Hernandez,Loss,N/A,Rooster Weight,Female,Final
2022,2022 European Jiu-Jitsu IBJJF Championship,Thalyta Lima,Points,N/A,Absolute Division,Female,Semi-Finals
2022,2022 European Jiu-Jitsu IBJJF Championship,Ana Rodrigues,Loss,N/A,Absolute Division,Female,Semi-Finals
2022,2022 European Jiu-Jitsu IBJJF Championship,Ana Rodrigues,Advantage,N/A,Featherweight,Female,Semi-Finals
2022,2022 European Jiu-Jitsu IBJJF Championship,Z Szawernowska,Loss,N/A,Featherweight,Female,Semi-Finals
2022,2022 European Jiu-Jitsu IBJJF Championship,Nathalie Ribeiro,Advantage,N/A,Light Featherweight,Female,Semi-Finals
2022,2022 European Jiu-Jitsu IBJJF Championship,Margot Ciccarelli,Loss,N/A,Light Featherweight,Female,Semi-Finals
2022,2022 European Jiu-Jitsu IBJJF Championship,Mayssa Bastos,Submission,Choke From The Back,Light Featherweight,Female,Semi-Finals
2022,2022 European Jiu-Jitsu IBJJF Championship,Duda Tozoni,Loss,N/A,Light Featherweight,Female,Semi-Finals
2022,2022 European Jiu-Jitsu IBJJF Championship,Ana Rodrigues,Submission,Choke From The Back,Featherweight,Female,Quarter-Finals
2022,2022 European Jiu-Jitsu IBJJF Championship,Andreia Cavalcante,Loss,N/A,Featherweight,Female,Quarter-Finals
2023,2023 Pan Jiu Jitsu IBJJF Championship,Nicholas Meregali,Points,N/A,Absolute Division,Male,Final
2023,2023 Pan Jiu Jitsu IBJJF Championship,Erich Munis,Loss,N/A,Absolute Division,Male,Final
2023,2023 Pan Jiu Jitsu IBJJF Championship,Nicholas Meregali,Submission,Choke From The Back,Ultra Heavyweight,Male,Final
2023,2023 Pan Jiu Jitsu IBJJF Championship,Yatan Bueno,Loss,N/A,Ultra Heavyweight,Male,Final
2023,2023 Pan Jiu Jitsu IBJJF Championship,Erich Munis,Submission,Armbar,Super Heavyweight,Male,Final
2023,2023 Pan Jiu Jitsu IBJJF Championship,Felipe Costa,Loss,N/A,Super Heavyweight,Male,Final
2023,2023 Pan Jiu Jitsu IBJJF Championship,Adam Wardzinski,Advantage,N/A,Heavyweight,Male,Final
2023,2023 Pan Jiu Jitsu IBJJF Championship,Fellipe Andrew,Loss,N/A,Heavyweight,Male,Final
2023,2023 Pan Jiu Jitsu IBJJF Championship,Gustavo Batista,Advantage,N/A,Medium Heavyweight,Male,Final
2023,2023 Pan Jiu Jitsu IBJJF Championship,Jansen Gomes,Loss,N/A,Medium Heavyweight,Male,Final
2023,2023 Pan Jiu Jitsu IBJJF Championship,Tainan Dalpra,Submission,Choke From The Back,Middleweight,Male,Final
2023,2023 Pan Jiu Jitsu IBJJF Championship,Pedro Maia,Loss,N/A,Middleweight,Male,Final
2023,2023 Pan Jiu Jitsu IBJJF Championship,Johnatha Alves,Points,N/A,Lightweight,Male,Final
2023,2023 Pan Jiu Jitsu IBJJF Championship,Pablo Lavaselli,Loss,N/A,Lightweight,Male,Final
2023,2023 Pan Jiu Jitsu IBJJF Championship,Marcio Andre,Advantage,N/A,Featherweight,Male,Final
2023,2023 Pan Jiu Jitsu IBJJF Championship,Fabricio Andrey,Loss,N/A,Featherweight,Male,Final
2023,2023 Pan Jiu Jitsu IBJJF Championship,Diogo Reis,Advantage,N/A,Light Featherweight,Male,Final
2023,2023 Pan Jiu Jitsu IBJJF Championship,Diego “Pato” Oliveira Batista,Loss,N/A,Light Featherweight,Male,Final
2023,2023 Pan Jiu Jitsu IBJJF Championship,Zayed Obaid Al Kaabi,Advantage,N/A,Rooster Weight,Male,Final
2023,2023 Pan Jiu Jitsu IBJJF Championship,Hiryu Niwa,Loss,N/A,Rooster Weight,Male,Final
2023,2023 Pan Jiu Jitsu IBJJF Championship,Erich Munis,Submission,Choke From The Back,Absolute Division,Male,Semi-Finals
2023,2023 Pan Jiu Jitsu IBJJF Championship,Guilherme Augusto,Loss,N/A,Absolute Division,Male,Semi-Finals
2023,2023 Pan Jiu Jitsu IBJJF Championship,Nicholas Meregali,Submission,Choke From The Back,Absolute Division,Male,Semi-Finals
2023,2023 Pan Jiu Jitsu IBJJF Championship,Dimitrius Souza,Loss,N/A,Absolute Division,Male,Semi-Finals
2023,2023 Pan Jiu Jitsu IBJJF Championship,Yatan Bueno,Advantage,N/A,Ultra Heavyweight,Male,Semi-Finals
2023,2023 Pan Jiu Jitsu IBJJF Championship,Guilherme Augusto,Loss,N/A,Ultra Heavyweight,Male,Semi-Finals
2023,2023 Pan Jiu Jitsu IBJJF Championship,Roosevelt Sousa,Submission,Shoulder Lock,Ultra Heavyweight,Male,Semi-Finals
2023,2023 Pan Jiu Jitsu IBJJF Championship,Renato Tagliari,Loss,N/A,Ultra Heavyweight,Male,Semi-Finals
2023,2023 Pan Jiu Jitsu IBJJF Championship,Nicholas Meregali,Submission,Choke From The Back,Ultra Heavyweight,Male,Semi-Finals
2023,2023 Pan Jiu Jitsu IBJJF Championship,Roosevelt Sousa,Loss,N/A,Ultra Heavyweight,Male,Semi-Finals
2023,2023 Pan Jiu Jitsu IBJJF Championship,Erich Munis,Points,N/A,Super Heavyweight,Male,Semi-Finals
2023,2023 Pan Jiu Jitsu IBJJF Championship,Paulo Merlin,Loss,N/A,Super Heavyweight,Male,Semi-Finals
2023,2023 Pan Jiu Jitsu IBJJF Championship,Fellipe Andrew,Submission,Arm Triangle Choke,Heavyweight,Male,Semi-Finals
2023,2023 Pan Jiu Jitsu IBJJF Championship,Lucas Norat,Loss,N/A,Heavyweight,Male,Semi-Finals
2023,2023 Pan Jiu Jitsu IBJJF Championship,Adam Wardzinski,Decision,N/A,Heavyweight,Male,Semi-Finals
2023,2023 Pan Jiu Jitsu IBJJF Championship,Dimitrius Souza,Loss,N/A,Heavyweight,Male,Semi-Finals
2023,2023 Pan Jiu Jitsu IBJJF Championship,Jansen Gomes,Decision,N/A,Medium Heavyweight,Male,Semi-Finals
2023,2023 Pan Jiu Jitsu IBJJF Championship,Ronaldo Junior,Loss,N/A,Medium Heavyweight,Male,Semi-Finals
2023,2023 Pan Jiu Jitsu IBJJF Championship,Gustavo Batista,Submission,Katagatame,Medium Heavyweight,Male,Semi-Finals
2023,2023 Pan Jiu Jitsu IBJJF Championship,Francisco Lo,Loss,N/A,Medium Heavyweight,Male,Semi-Finals
2023,2023 Pan Jiu Jitsu IBJJF Championship,Pedro Maia,Submission,Cachecol Choke,Middleweight,Male,Semi-Finals
2023,2023 Pan Jiu Jitsu IBJJF Championship,Eduardo Avelar,Loss,N/A,Middleweight,Male,Semi-Finals
2023,2023 Pan Jiu Jitsu IBJJF Championship,Tainan Dalpra,Win,N/A,Middleweight,Male,Semi-Finals
2023,2023 Pan Jiu Jitsu IBJJF Championship,Rolando Samson,Loss,N/A,Middleweight,Male,Semi-Finals
2023,2023 Pan Jiu Jitsu IBJJF Championship,Johnatha Alves,Submission,Armbar,Lightweight,Male,Semi-Finals
2023,2023 Pan Jiu Jitsu IBJJF Championship,Natan Chueng,Loss,N/A,Lightweight,Male,Semi-Finals
2023,2023 Pan Jiu Jitsu IBJJF Championship,Pablo Lavaselli,Decision,N/A,Lightweight,Male,Semi-Finals
2023,2023 Pan Jiu Jitsu IBJJF Championship,Alef Brito,Loss,N/A,Lightweight,Male,Semi-Finals
2023,2023 Pan Jiu Jitsu IBJJF Championship,Fabricio Andrey,Decision,N/A,Featherweight,Male,Semi-Finals
2023,2023 Pan Jiu Jitsu IBJJF Championship,Alex Sodré,Loss,N/A,Featherweight,Male,Semi-Finals
2023,2023 Pan Jiu Jitsu IBJJF Championship,Marcio Andre,Win,N/A,Featherweight,Male,Semi-Finals
2023,2023 Pan Jiu Jitsu IBJJF Championship,Diego “Pato” Oliveira Batista,Points,N/A,Light Featherweight,Male,Semi-Finals
2023,2023 Pan Jiu Jitsu IBJJF Championship,Yuta Shimada,Loss,N/A,Light Featherweight,Male,Semi-Finals
2023,2023 Pan Jiu Jitsu IBJJF Championship,Diogo Reis,Advantage,N/A,Light Featherweight,Male,Semi-Finals
2023,2023 Pan Jiu Jitsu IBJJF Championship,Zach Kaina,Loss,N/A,Light Featherweight,Male,Semi-Finals
2023,2023 Pan Jiu Jitsu IBJJF Championship,Zayed Obaid Alkaabi,Win,N/A,Rooster Weight,Male,Semi-Finals
2023,2023 Pan Jiu Jitsu IBJJF Championship,Jonas Andrade,Loss,N/A,Rooster Weight,Male,Semi-Finals
2023,2023 Pan Jiu Jitsu IBJJF Championship,Hiryu Niwa,Points,N/A,Rooster Weight,Male,Semi-Finals
2023,2023 Pan Jiu Jitsu IBJJF Championship,Frank Cespedes,Loss,N/A,Rooster Weight,Male,Semi-Finals
2023,2023 Pan Jiu Jitsu IBJJF Championship,Felipe Costa,Advantage,N/A,N/A,Male,Semi-Finals
2023,2023 Pan Jiu Jitsu IBJJF Championship,Davi Cabral De Souza,Loss,N/A,N/A,Male,Semi-Finals
2023,2023 Pan Jiu Jitsu IBJJF Championship,Erich Munis,Points,N/A,Absolute Division,Male,Quarter-Finals
2023,2023 Pan Jiu Jitsu IBJJF Championship,Mathias Luna,Loss,N/A,Absolute Division,Male,Quarter-Finals
2023,2023 Pan Jiu Jitsu IBJJF Championship,Dimitrius Souza,Points,N/A,Absolute Division,Male,Quarter-Finals
2023,2023 Pan Jiu Jitsu IBJJF Championship,Javier Arturo Barter,Loss,N/A,Absolute Division,Male,Quarter-Finals
2023,2023 Pan Jiu Jitsu IBJJF Championship,Nicholas Meregali,Submission,Choke From The Back,Absolute Division,Male,Quarter-Finals
2023,2023 Pan Jiu Jitsu IBJJF Championship,Roberto Jimenez,Loss,N/A,Absolute Division,Male,Quarter-Finals
2023,2023 Pan Jiu Jitsu IBJJF Championship,Guilherme Augusto,Advantage,N/A,Absolute Division,Male,Quarter-Finals
2023,2023 Pan Jiu Jitsu IBJJF Championship,Johnatha Alves,Loss,N/A,Absolute Division,Male,Quarter-Finals
2023,2023 Pan Jiu Jitsu IBJJF Championship,Yatan Bueno,Advantage,N/A,Ultra Heavyweight,Male,Quarter-Finals
2023,2023 Pan Jiu Jitsu IBJJF Championship,Gabriel Oliveira,Loss,N/A,Ultra Heavyweight,Male,Quarter-Finals
2023,2023 Pan Jiu Jitsu IBJJF Championship,Erich Munis,Submission,Cross Choke,Super Heavyweight,Male,Quarter-Finals
2023,2023 Pan Jiu Jitsu IBJJF Championship,Eric Schlosser,Loss,N/A,Super Heavyweight,Male,Quarter-Finals
2023,2023 Pan Jiu Jitsu IBJJF Championship,Nicholas Meregali,Submission,Choke From The Back,Super Heavyweight,Male,Quarter-Finals
2023,2023 Pan Jiu Jitsu IBJJF Championship,Jose Inacio,Loss,N/A,Super Heavyweight,Male,Quarter-Finals
2023,2023 Pan Jiu Jitsu IBJJF Championship,Davi Cabral De Souza,Win,N/A,Super Heavyweight,Male,Quarter-Finals
2023,2023 Pan Jiu Jitsu IBJJF Championship,Italo Lima Costa,Loss,N/A,Super Heavyweight,Male,Quarter-Finals
2023,2023 Pan Jiu Jitsu IBJJF Championship,Guilherme Augusto,Advantage,N/A,Super Heavyweight,Male,Quarter-Finals
2023,2023 Pan Jiu Jitsu IBJJF Championship,Ricardo Evangelista,Loss,N/A,Super Heavyweight,Male,Quarter-Finals
2023,2023 Pan Jiu Jitsu IBJJF Championship,Gabrieli Pessanha,Points,N/A,Absolute Division,Female,Final
2023,2023 Pan Jiu Jitsu IBJJF Championship,Ana Carolina Vieira,Loss,N/A,Absolute Division,Female,Final
2023,2023 Pan Jiu Jitsu IBJJF Championship,Larissa Dias,Advantage,N/A,Heavyweight,Female,Final
2023,2023 Pan Jiu Jitsu IBJJF Championship,Ingridd Alves,Loss,N/A,Heavyweight,Female,Final
2023,2023 Pan Jiu Jitsu IBJJF Championship,Ana Carolina Vieira,Advantage,N/A,Medium Heavyweight,Female,Final
2023,2023 Pan Jiu Jitsu IBJJF Championship,Amy Campo,Loss,N/A,Medium Heavyweight,Female,Final
2023,2023 Pan Jiu Jitsu IBJJF Championship,Elisabeth Clay,Win,N/A,Middleweight,Female,Final
2023,2023 Pan Jiu Jitsu IBJJF Championship,Thata Silva,Loss,N/A,Middleweight,Female,Final
2023,2023 Pan Jiu Jitsu IBJJF Championship,Luiza Montiero,Advantage,N/A,Lightweight,Female,Final
2023,2023 Pan Jiu Jitsu IBJJF Championship,Ffion Davies,Loss,N/A,Lightweight,Female,Final
2023,2023 Pan Jiu Jitsu IBJJF Championship,Anna Rodriguez,Points,N/A,Featherweight,Female,Final
2023,2023 Pan Jiu Jitsu IBJJF Championship,Margot Ciccarelli,Loss,N/A,Featherweight,Female,Final
2023,2023 Pan Jiu Jitsu IBJJF Championship,Mayssa Bastos,Win,N/A,Light Featherweight,Female,Final
2023,2023 Pan Jiu Jitsu IBJJF Championship,Rose El Sharouni,Loss,N/A,Light Featherweight,Female,Final
2023,2023 Pan Jiu Jitsu IBJJF Championship,Jessica Caroline,Decision,N/A,Rooster Weight,Female,Final
2023,2023 Pan Jiu Jitsu IBJJF Championship,Jhenifer Aquino,Loss,N/A,Rooster Weight,Female,Final
2023,2023 Pan Jiu Jitsu IBJJF Championship,Ana Carolina Vieira,Submission,Armbar,Absolute Division,Female,Semi-Finals
2023,2023 Pan Jiu Jitsu IBJJF Championship,Tamiris Silva,Loss,N/A,Absolute Division,Female,Semi-Finals
2023,2023 Pan Jiu Jitsu IBJJF Championship,Gabrieli Pessanha,Points,N/A,Absolute Division,Female,Semi-Finals
2023,2023 Pan Jiu Jitsu IBJJF Championship,Maria Malyjasiak,Loss,N/A,Absolute Division,Female,Semi-Finals
2023,2023 Pan Jiu Jitsu IBJJF Championship,Ingridd Alves,Points,N/A,Heavyweight,Female,Semi-Finals
2023,2023 Pan Jiu Jitsu IBJJF Championship,Amanda Magda,Loss,N/A,Heavyweight,Female,Semi-Finals
2023,2023 Pan Jiu Jitsu IBJJF Championship,Larissa Campos,Win,N/A,Heavyweight,Female,Semi-Finals
2023,2023 Pan Jiu Jitsu IBJJF Championship,Tamiris Silva,Loss,N/A,Heavyweight,Female,Semi-Finals
2023,2023 Pan Jiu Jitsu IBJJF Championship,Ana Carolina Vieira,Decision,N/A,Medium Heavyweight,Female,Semi-Finals
2023,2023 Pan Jiu Jitsu IBJJF Championship,Vedha Toscano,Loss,N/A,Medium Heavyweight,Female,Semi-Finals
2023,2023 Pan Jiu Jitsu IBJJF Championship,Amy Campo,Points,N/A,Medium Heavyweight,Female,Semi-Finals
2023,2023 Pan Jiu Jitsu IBJJF Championship,Aurelie Vern,Loss,N/A,Medium Heavyweight,Female,Semi-Finals
2023,2023 Pan Jiu Jitsu IBJJF Championship,Elisabeth Clay,Decision,N/A,Middleweight,Female,Semi-Finals
2023,2023 Pan Jiu Jitsu IBJJF Championship,Thamara Ferreira,Loss,N/A,Middleweight,Female,Semi-Finals
2023,2023 Pan Jiu Jitsu IBJJF Championship,Thata Silva,Decision,N/A,Middleweight,Female,Semi-Finals
2023,2023 Pan Jiu Jitsu IBJJF Championship,Vannessa Griffin,Loss,N/A,Middleweight,Female,Semi-Finals
2023,2023 Pan Jiu Jitsu IBJJF Championship,Ffion Davies,Points,N/A,Lightweight,Female,Semi-Finals
2023,2023 Pan Jiu Jitsu IBJJF Championship,Janine Mutton,Loss,N/A,Lightweight,Female,Semi-Finals
2023,2023 Pan Jiu Jitsu IBJJF Championship,Luiza Montiero,Win,N/A,Lightweight,Female,Semi-Finals
2023,2023 Pan Jiu Jitsu IBJJF Championship,Janaina Maia Lebre,Loss,N/A,Lightweight,Female,Semi-Finals
2023,2023 Pan Jiu Jitsu IBJJF Championship,Margot Ciccarelli,Points,N/A,Featherweight,Female,Semi-Finals
2023,2023 Pan Jiu Jitsu IBJJF Championship,Larissa Campos,Loss,N/A,Featherweight,Female,Semi-Finals
2023,2023 Pan Jiu Jitsu IBJJF Championship,Anna Rodriguez,Submission,Choke From The Back,Featherweight,Female,Semi-Finals
2023,2023 Pan Jiu Jitsu IBJJF Championship,Sophia Dalpra,Loss,N/A,Featherweight,Female,Semi-Finals
2023,2023 Pan Jiu Jitsu IBJJF Championship,Rose El Sharouni,Points,N/A,Light Featherweight,Female,Semi-Finals
2023,2023 Pan Jiu Jitsu IBJJF Championship,Thamires Aquino,Loss,N/A,Light Featherweight,Female,Semi-Finals
2023,2023 Pan Jiu Jitsu IBJJF Championship,Mayssa Bastos,Points,N/A,Light Featherweight,Female,Semi-Finals
2023,2023 Pan Jiu Jitsu IBJJF Championship,Amanda Alequin,Loss,N/A,Light Featherweight,Female,Semi-Finals
2023,2023 Pan Jiu Jitsu IBJJF Championship,Jessica Caroline,Submission,Choke From The Back,Rooster Weight,Female,Semi-Finals
2023,2023 Pan Jiu Jitsu IBJJF Championship,Duda Tozoni,Loss,N/A,Rooster Weight,Female,Semi-Finals
2023,2023 Pan Jiu Jitsu IBJJF Championship,Jhenifer Aquino,Decision,N/A,Rooster Weight,Female,Semi-Finals
2023,2023 Pan Jiu Jitsu IBJJF Championship,Brenda Larissa,Loss,N/A,Rooster Weight,Female,Semi-Finals
2023,2023 Pan Jiu Jitsu IBJJF Championship,Maria Malyjasiak,Decision,N/A,Absolute Division,Female,Quarter-Finals
2023,2023 Pan Jiu Jitsu IBJJF Championship,Ingridd Alves,Loss,N/A,Absolute Division,Female,Quarter-Finals
2023,2023 Pan Jiu Jitsu IBJJF Championship,Tamiris Silva,Decision,N/A,Absolute Division,Female,Quarter-Finals
2023,2023 Pan Jiu Jitsu IBJJF Championship,Thata Silva,Loss,N/A,Absolute Division,Female,Quarter-Finals
2023,2023 Pan Jiu Jitsu IBJJF Championship,Ana Carolina Vieira,Submission,Choke From The Back,Absolute Division,Female,Quarter-Finals
2023,2023 Pan Jiu Jitsu IBJJF Championship,Ffion Davies,Loss,N/A,Absolute Division,Female,Quarter-Finals
2023,2023 Pan Jiu Jitsu IBJJF Championship,Gabrieli Pessanha,Win,N/A,Absolute Division,Female,Quarter-Finals
2023,2023 Pan Jiu Jitsu IBJJF Championship,Elizabeth Mitrovi,Loss,N/A,Absolute Division,Female,Quarter-Finals
